phrase	raw_frequency	dp1	dp2	logDice	label	compound-nn	compound-adj
südamerikanisch Anden-Staat	1610	0,999947256	0,135521886	11,93324225	ne	1	1
slowakisch Denkmalschutzvorschrift	1865	0,998865516	0,131523262	11,89494393	term	1	0
pazifisch Inselraum	1915	0,998407342	0,256358753	12,70652655	ne	1	0
best Paypal-angebot	441	0,996999842	0,00075434	4,626414717	ne	1	0
jung Nationaldemokrat	436	0,846898467	0,000744428	4,607923874	free	1	0
evangelisch Film-Beobachter	496	0,993202721	0,003233425	6,722600102	ne	1	0
erfahren Streitvermittler	1097	0,992415974	0,01610413	9,020363123	term	1	0
europäisch Südsternwarte	693	0,991815101	0,001452904	5,571068877	ne	1	0
grün Klee	537	0,581583586	0,003247663	6,726469177	free	0	0
westfälisch Wilhelms-Universität	2313	0,99089776	0,101799989	11,56273863	ne	1	0
international Cricket-Saison	455	0,990781919	0,000875106	4,840500111	ne	1	0
deutsch Umwelthilfe	1219	0,983201466	0,000564214	4,207804918	ne	1	0
westfälisch Wilhelms-universität	824	0,979673512	0,036265922	10,16232614	ne	1	0
voll Montur	559	0,641331502	0,002390582	6,287180799	collocation	0	0
deutsch Naturschutzring	406	0,974343856	0,000187898	2,622201803	ne	1	0
deutsch Schallplattenkritik	757	0,973304063	0,000350338	3,520777038	ne	1	0
kölner Stadt-anzeiger	1214	0,973287816	0,024458871	9,610713302	ne	1	0
nationalsozialistisch Volkswohlfahrt	459	0,972262922	0,011962092	8,596983334	ne	1	1
deutsch Kriegsgräberfürsorge	1223	0,96966492	0,000565977	4,21251718	ne	1	0
akademisch Auslandsamt	1099	0,96716727	0,021063941	9,399857109	term	1	0
russisch SFSR	1271	0,965583106	0,006775658	7,784546239	ne	0	0
barmer Gek	420	0,96551226	0,302158196	12,88056477	ne	1	0
preußisch Uraufnahme	803	0,964636472	0,008056357	8,032377137	ne	1	0
olympisch Sommerspielen	1116	0,963052007	0,008375522	8,087947699	ne	1	0
deutsch Bühnenverein	451	0,962989264	0,000208696	2,773815458	ne	1	0
eigen Bekunden	2074	0,962503515	0,001326713	5,440455125	cliche	0	0
olympisch Sommerspiel	18973	0,962020903	0,142391253	11,98894075	ne	1	0
europäisch Sozialfonds	2368	0,961731943	0,00496423	7,33850775	ne	1	0
deutsch Fernsehfunk	566	0,961416365	0,000261907	3,10141063	ne	1	0
nordisch Junioren-Skiweltmeisterschaft	442	0,960755059	0,019438732	9,28618975	ne	1	0
wissenschaftlich Buchgesellschaft	570	0,959939872	0,002291855	6,227369985	ne	1	0
gesamt Bundesgebiet	4118	0,644336243	0,008253419	8,062913125	free	1	0
international Sportgerichtshof	412	0,957704877	0,00079233	4,697358304	ne	1	0
deutsch Fußball-bund	1551	0,957682294	0,000717667	4,555055219	ne	1	0
stärken Selbstbewusstseinstraining	588	0,957650039	0,391999866	13,15391268	error		
deutsch Jugendinstitut	643	0,957281659	0,000297523	3,285372571	ne	1	0
deutsch Presse-agentur	792	0,95712408	0,000366466	3,585951458	ne	1	0
lang Blütenstiel	1116	0,594278188	0,001811067	5,889762279	free	1	0
märkisch Oderzeitung	434	0,953791751	0,039357832	10,27446489	ne	1	0
deutsch Tierschutzbund	1532	0,953648195	0,000708841	4,537281505	ne	1	0
schottisch Denkmallist	1326	0,953107563	0,039993634	10,29663401	ne	1	0
schwäbisch Gmünd	2880	0,952853161	0,085555684	11,32898976	ne	0	0
vorläufig Vollstreckbarkeit	898	0,952118639	0,027793882	9,789418139	term	1	0
deutsch Bundesstiftung	1143	0,951842464	0,000528843	4,114958225	ne	1	0
rhythmisch Sportgymnastik	702	0,951172335	0,070994961	11,08001622	term	1	0
gemeinsam Bundesausschuss	1136	0,950399889	0,00319261	6,704255314	ne	1	0
palästinensisch Autonomiebehörde	1094	0,949534754	0,045441031	10,47271599	ne	1	0
deutsch Synchronbearbeitung	440	0,947512799	0,000203568	2,738194219	term	1	0
genf Auto-Salon	463	0,946809589	0,103140878	11,57351787	ne	1	0
international Währungsfonds	3712	0,946709431	0,00713843	7,859219802	term	1	0
ewig Verdammnis	668	0,820307058	0,010234131	8,371756394	collocation	0	0
gemeinsam Bundesausschuß	735	0,945341491	0,00206562	6,077794869	ne	1	0
ständig Impfkommission	736	0,944247278	0,006779503	7,78512659	ne	1	0
online SPIEGEL	420	0,943731192	0,023653848	9,562515421	ne	0	0
deutsch Mieterbund	1019	0,942137388	0,000471415	3,949365631	ne	1	0
olympisch Winterspiel	17543	0,941058996	0,131657103	11,88611148	ne	1	0
hervortretend Sporenlager	698	0,938165213	0,344181223	13,01037168	term	1	0
deutsch Krebshilfe	1570	0,937553353	0,00072628	4,572585058	ne	1	0
deutsch Bundesbank	2694	0,936842572	0,00124623	5,350778502	ne	1	0
administrativ Organization	819	0,934859252	0,055010454	10,73337361	term	1	0
schnellst Rennrunde	960	0,652509458	0,043729154	10,39125235	collocation	1	0
französisch Ehrenlegion	558	0,932873212	0,001589203	5,700250365	ne	1	0
deutsch Forschungsgemeinschaft	6433	0,932192683	0,002975696	6,60386978	ne	1	0
best Originaldrehbuch	524	0,931046612	0,000896123	4,874906995	term	1	0
marineschule Mürwik	466	0,930139618	0,958847557	13,91727987	ne	0	0
deutsch Krebsforschungszentrum	1206	0,92962865	0,000557838	4,192299324	ne	1	0
frei Arztwahl	570	0,929328381	0,001429789	5,548022547	term	1	0
technisch Gebäudeausrüstung	542	0,928035905	0,001696068	5,793958848	term	1	0
deutsch Reichsbahn	6401	0,925989062	0,002960661	6,596668077	ne	1	0
deutsch Jugendliteraturpreis	769	0,92557141	0,000355685	3,543432624	ne	1	0
unabhängig Landeszentrum	413	0,923492151	0,004741393	7,272194892	ne	1	0
deutsch Bundespost	2166	0,922134333	0,001001793	5,0364094	ne	1	0
frei Wildbahn	4439	0,97875339	0,01113603	8,495147685	collocation	1	0
best Nachwuchsdarstellerin	426	0,921077856	0,000728502	4,576440175	term	1	0
deutsch Verkehrssicherheitsrat	559	0,920574404	0,000258537	3,083444843	ne	1	0
mittler Sohlgefall	486	0,918040756	0,003690404	6,912297079	term	1	0
schwedisch Elitserien	503	0,917435896	0,005741647	7,546741641	error		
lokal Kleingewerbe	1751	0,916988654	0,012230434	8,627613468	term	1	0
letzt Ruhestätte	5013	0,914506778	0,003132374	6,677580946	collocation	1	0
größer Durchgangsachsen	406	0,914453314	0,001028306	5,073134399	ne	1	0
deutsch Arbeitsfront	941	0,913271169	0,00043517	3,834512249	ne	1	0
international Strafgerichtshof	1966	0,912183988	0,00378035	6,947144529	ne	1	0
strunz'sch Mineralsystematik	804	0,910531881	0,912598913	13,86641685	term	1	0
gut Letzt	7617	0,908161413	0,004607364	7,232041588	cliche	0	0
jährlich Durchschnittseinkommen	3466	0,906158632	0,037315536	10,19779783	term	1	0
plötzlich Kindstod	816	0,905521867	0,029366871	9,864315859	term	1	0
deutsch Wanderverband	426	0,905036094	0,000196984	2,69154012	ne	1	0
naturräumlich Haupteinheitengruppe	940	0,901233642	0,274452026	12,75110348	term	1	1
direkt Bundessteuer	420	0,900268675	0,002112323	6,109829835	term	1	0
deutsch Internetwirtschaft	438	0,897620816	0,000202513	2,731606209	ne	1	0
sowjetisch Militäradministration	1066	0,896930791	0,014365563	8,855906171	ne	1	0
rein Formsache	449	0,888213854	0,002569391	6,391640205	collocation	1	0
eigen Gutdünken	720	0,896499809	0,000460295	3,915344761	cliche	1	0
allgemein Gleichbehandlungsgesetz	1165	0,894736764	0,004203701	7,099361194	term	1	0
weit Ferne	4087	0,673153374	0,03368343	10,03821718	collocation	0	0
sofortig Vollziehung	761	0,888823622	0,019641263	9,298539834	term	1	0
übel Nachrede	1831	0,893975511	0,122342865	11,78398134	collocation	1	0
acer Aspire	514	0,887733185	0,380740407	13,09198712	ne	0	0
deutsch Telekom	10763	0,88737352	0,004975655	7,342955553	ne	0	0
berliner charité	886	0,886616249	0,00390907	6,994914102	ne	0	0
hessisch Lichtenau	596	0,886558317	0,008757361	8,150600147	ne	0	0
berliner Wasserbetrieb	754	0,885898844	0,003326677	6,763110294	ne	1	0
öffentlich Personennahverkehr	5709	0,88489209	0,013453073	8,762758844	term	1	0
personalisiert Verhältniswahl	1269	0,883678055	0,196317212	12,36183942	term	1	0
nordisch Skiweltmeisterschaft	3689	0,882860521	0,162236911	12,13283767	ne	1	0
arm Schlucker	472	0,814800262	0,006047786	7,620089358	collocation	0	0
plötzlich Herztod	903	0,878266606	0,032497738	10,00409985	term	1	0
ortsüblich Vergleichsmiete	670	0,878102431	0,250748025	12,6419229	term	1	1
deutsch Bundestag	28298	0,877748898	0,013080168	8,724444734	ne	1	0
deutsch Unesco-kommission	806	0,877552869	0,000372557	3,611171457	ne	1	0
gut Zureden	632	0,721311512	0,000381369	3,647298274	collocation	0	0
groß Bundesverdienstkreuz	963	0,876417091	0,000412745	3,759063815	term	1	0
hamburger Abendblatt	3109	0,875747998	0,029771164	9,881963919	ne	1	0
international Mathematikerkongress	1242	0,875074682	0,002387901	6,286576126	ne	1	0
best Nebendarstellerin	1671	0,874632187	0,002857081	6,54467278	term	1	0
heilig Laurentius	658	0,874011713	0,003407219	6,797407219	ne	0	0
weise Voraussicht	793	0,687697155	0,052244824	10,63585154	collocation	0	0
heilig Franziskus	970	0,872100623	0,005022787	7,354634975	ne	0	0
höchst Denkmalkategorie	572	0,872006464	0,002296541	6,230156378	term	1	0
europäisch Menschenrechtskonvention	1655	0,871832547	0,003468602	6,823365072	ne	1	0
besser Vereinbarkeit	842	0,618538012	0,002888363	6,559081526	collocation	0	0
akademisch Lehrkrankenhaus	831	0,868074875	0,015926826	9,001438421	ne	1	0
international Bauausstellung	982	0,867902211	0,001887971	5,948500307	ne	1	0
weiblich Genitalverstümmelung	541	0,867847985	0,005206458	7,406010068	term	1	0
letzt Mohikaner	416	0,867578208	0,000259813	3,091026486	ne	0	0
deutsch Sporthochschule	1318	0,866992863	0,000609125	4,320273634	ne	1	0
deutsch Kinemathek	428	0,865956251	0,000197801	2,69828213	ne	0	0
paris Métro	412	0,865474519	0,028664529	9,828422371	ne	0	0
heilig Gral	1696	0,864323161	0,008782021	8,154421189	ne	0	0
gleich Augenhöhe	1153	0,864030976	0,002046464	6,064588299	idiom	1	0
rot Blutfarbstoff	404	0,863566863	0,001354381	5,469936561	term	1	0
unverbindlich Preisempfehlung	1618	0,862895293	0,179278458	12,24795538	term	1	0
gut Laune	13880	0,572874623	0,008350477	8,084289346	collocation	0	0
palästinensisch Autonomiegebiet	590	0,861193256	0,024506262	9,60884745	ne	1	0
still Kämmerlein	1252	0,860908148	0,037560465	10,20379967	idiom	0	0
bayerisch Staatsschauspiel	640	0,86055892	0,004021668	7,035478626	ne	1	0
sächsisch Schweiz-Osterzgebirge	792	0,859553583	0,010554974	8,416556286	ne	1	0
frei Wohlfahrtspflege	1490	0,858237681	0,003736838	6,930259201	term	1	0
vereint Dienstleistungsgewerkschaft	745	0,856124314	0,019001551	9,250645716	term	1	0
rot Khmer	1240	0,855420193	0,004156939	7,083123711	ne	0	0
schwäbisch Albverein	798	0,855136686	0,023705563	9,561969016	ne	1	0
deutsch Leichtathletik-Meisterschaft	678	0,854808721	0,000313287	3,361759666	ne	1	0
best Weltcupergebnis	491	0,881684782	0,000839536	4,781078001	free	1	0
unerwünscht Arzneimittelwirkung	473	0,812608329	0,022310761	9,474847567	free	1	0
deutsch Journalisten-verband	419	0,851046943	0,000193599	2,667622913	ne	1	0
inner Schweinehund	1977	0,85053622	0,01134126	8,518856973	idiom	1	0
deutsch Polizeigewerkschaft	563	0,849764024	0,000260129	3,093695431	ne	1	0
deutsch Herzstiftung	467	0,848944101	0,00021577	2,824057164	ne	1	0
preußisch Kulturbesitz	1489	0,848896789	0,014937793	8,910088486	ne	1	0
anerkannt Erholungsort	1228	0,698631826	0,021515094	9,417928525	free	1	0
gut Regierungsführung	413	0,588339057	0,000248565	3,033667386	free	1	0
allgemein Gleichheitssatz	475	0,846793666	0,001713801	5,808870637	term	1	0
eierlegend Wollmilchsau	1139	0,846208258	0,681219033	13,59417494	idiom	1	0
wachsend Telien	417	0,845433306	0,005215108	7,408152572	term	0	0
effektiv Jahreszins	765	0,845114821	0,020358562	9,347494759	term	1	0
progressiv Muskelentspannung	502	0,843649727	0,051224012	10,62794142	term	1	0
österreichisch Bundesheer	1339	0,843298307	0,00708185	7,846547297	ne	1	0
betrieblich Eingliederungsmanagement	516	0,842914611	0,011762067	8,570358088	term	1	0
doppelt Blütenhülle	1116	0,84195327	0,01810141	9,181652625	term	1	0
best Einzelergebnis	752	0,566267133	0,001283381	5,394200361	free	1	0
deutsch Wehrmacht	6059	0,841115642	0,002799131	6,517264759	ne	1	0
deutsch Energie-agentur	731	0,839898129	0,0003377	3,470295065	ne	1	0
heilig Augustinus	640	0,836707956	0,003313845	6,757302232	ne	0	0
rot Zora	449	0,836157301	0,001505152	5,621963473	ne	0	0
öffentlich Zugänglichmachung	427	0,83507829	0,001006064	5,041817458	term	1	0
europäisch Weltraumorganisation	401	0,834713236	0,000840324	4,782474338	ne	1	0
schwäbisch Hall	4659	0,832856588	0,138400526	11,92521581	ne	0	0
wesentlich Vertragspflicht	670	0,826385129	0,004417494	7,169993344	free	1	0
heilig Antonius	1361	0,832450714	0,007047055	7,839372759	ne	0	0
chronisch Polyarthritis	408	0,832442153	0,00983683	8,315526382	term	1	0
gut rutsch	5766	0,832070252	0,003484783	6,831650079	error		
führend Antivirus	519	0,687730011	0,004429615	7,172533382	free	1	0
deutsch Apothekerverband	500	0,827833609	0,000230941	2,922527325	ne	1	0
deutsch Fährstraße	536	0,827718259	0,000247569	3,022803524	ne	1	0
bolivianisch Altiplano	579	0,827115422	0,097786914	11,48458612	ne	0	0
deutsch Vermögensberatung	598	0,826442945	0,0002762	3,180665939	ne	1	0
stehend Ovation	1131	0,793133049	0,010427258	8,397879574	collocation	0	0
grob Fahrlässigkeit	3836	0,727429189	0,09465725	11,42251604	collocation	0	0
posttraumatisch Belastungsstörung	1420	0,825097366	0,628039144	13,51239771	term	1	0
deutsch Kinderschutzbund	806	0,82500857	0,000372261	3,611133409	ne	1	0
privat Partnership	574	0,824559229	0,00219439	6,164615274	term	0	0
indisch Subkontinent	1566	0,823015258	0,023889527	9,571359064	ne	1	0
zweit Burenkrieg	513	0,82257687	0,000425641	3,803037248	ne	1	0
heilig Jakobus	525	0,821895043	0,00271833	6,472485759	ne	0	0
deutsch Anwaltverein	729	0,821100376	0,000336676	3,466331126	ne	1	0
geheim Staatspolizei	910	0,821040002	0,017680903	9,147688293	term	1	0
oberst Dienstbehörde	506	0,821003232	0,006071969	7,625888358	term	1	0
ostantarktisch Viktorialand	912	0,820877738	0,518475385	13,34605499	ne	1	1
absolut No-go	511	0,691613664	0,003275651	6,739699557	collocation	1	0
stark Rauchentwicklung	873	0,618520436	0,002292796	6,227724166	collocation	1	0
europäisch Investitionsbank	462	0,819616854	0,000968102	4,986514175	ne	1	0
unter Landschaftsbehörde	405	0,819150298	0,003014685	6,621145897	term	1	0
rheinland-pfälzisch Ortsgemeind	2013	0,817909828	0,170345503	12,17362517	ne	1	1
super Bowl	1148	0,817829654	0,013941558	8,811294857	ne	0	0
jung Werther	695	0,816572729	0,001186489	5,279784043	ne	0	0
statistisch Bundesamt	8093	0,816294381	0,178956181	12,23183039	ne	1	0
deutsch Grammophon	937	0,815917592	0,0004327	3,828289816	ne	0	0
schwer Kopfverletzung	833	0,605825711	0,003234694	6,721408313	collocation	1	0
hoch Wiedererkennungswert	960	0,583415395	0,001100837	5,174651941	collocation	1	0
kassenärztlich Bundesvereinigung	1257	0,813568747	0,21560744	12,4473416	ne	1	1
deutsch Werkbund	960	0,812944099	0,0004433	3,863253816	ne	1	0
schwer Knieverletzung	662	0,569864031	0,002570316	6,391111492	collocation	1	0
international Atomenergiebehörde	628	0,811859611	0,001207123	5,304530638	ne	1	0
deutsch Friedensgesellschaft	419	0,810475651	0,000193474	2,66760689	ne	1	0
groß Zapfenstreich	707	0,808225021	0,000302679	3,313375656	term	1	0
körperlich Unversehrtheit	2200	0,806594302	0,024544568	9,60847909	term	1	0
deutsch Hochschulverband	550	0,806143943	0,000253945	3,059979444	ne	1	0
klein Vorgeschmack	1459	0,561145653	0,000869531	4,839750989	collocation	1	0
national Sicherheitsrat	777	0,801593772	0,003639385	6,891771577	ne	1	0
elektronisch Gesundheitskarte	1577	0,798711827	0,013802599	8,796592251	term	1	0
technisch Gebäudeausrüstung	1474	0,797613917	0,596035281	13,44837129	term	0	0
deutsch Sporthilfe	465	0,797602908	0,000214668	2,817843966	ne	1	0
durchschnittlich Familiengröße	3610	0,991567093	0,038447053	10,24416552	free	1	0
deutsch Bibliotheksverband	432	0,794877238	0,000199424	2,7116706	ne	1	0
genfer Flüchtlingskonvention	530	0,794567201	0,071216711	11,06454025	ne	1	0
berliner Tagesspiegel	880	0,794500702	0,003882008	6,984426558	ne	1	0
zentral Omnibusbahnhof	482	0,794166811	0,002036401	6,056998887	ne	1	0
durchschnittlich Haushaltsgröße	1219	0,959366561	0,012982325	8,713338958	free	1	0
urkundlich Ersterwähnung	931	0,792919541	0,047539987	10,52132703	term	1	0
best Szenenbild	1017	0,790913794	0,001738241	5,829813964	term	1	0
groß Halbachse	528	0,789252459	0,000225966	2,892329045	term	1	0
historisch Hilfswissenschaft	727	0,787860064	0,002483046	6,342373164	term	1	0
deutsch Versicherungswirtschaft	904	0,786791209	0,000417254	3,77656354	ne	1	0
gut Gelingen	2952	0,786361527	0,001783047	5,868510714	cliche	0	0
links Brustseite	887	0,685515458	0,004456975	7,181614167	free	1	0
deutsch Richterbund	413	0,781613326	0,000190608	2,646791083	ne	1	0
ehrenamtlich Ortsbürgermeister	2020	0,78084822	0,035609377	10,12420048	term	1	0
eigen Rechtspersönlichkeit	594	0,780821172	0,000379245	3,637850459	term	1	0
herzlich Glückwunsch	26055	0,77889092	0,285005886	12,73950567	cliche	1	0
deutsch Verwaltungsjurist	1237	0,778317674	0,000570869	4,228724721	term	1	0
international Frauentag	1657	0,778205394	0,003184585	6,700529423	ne	1	0
landwirtschaftlich Produktionsgenossenschaft	891	0,775814631	0,014194263	8,835437262	term	1	1
kontinental Hockey-Liga	2111	0,775785877	0,254028155	12,6144349	term	1	0
sozial Schwacher	1025	0,775203646	0,002761104	6,49513161	term	0	0
allgemein Geschäftsbedingung	8451	0,774867169	0,030486477	9,909307273	term	1	0
besonder Augenmerk	7741	0,774723821	0,015263392	8,939222403	idiom	1	0
evangelisch Frauenhilfe	406	0,772547616	0,002646115	6,433495993	ne	1	0
rechts Maustaste	5860	0,606606968	0,026904758	9,722503916	free	1	0
ärztlich Attest	1352	0,579275699	0,028615986	9,803670694	term	0	0
geboren Freiin	417	0,770513968	0,007566872	7,939939134	term	0	0
allgemein Ortskrankenkasse	406	0,768977508	0,0014646	5,582594331	ne	1	0
deutsch Caritasverband	890	0,768243907	0,000410654	3,754040097	ne	1	0
brennend Dornbusch	415	0,766994955	0,020269953	9,337904343	term	1	0
deutsch Ostsiedlung	457	0,766118099	0,000210856	2,792798736	ne	1	0
deutsch Kulturrat	951	0,765236246	0,000438776	3,849624705	ne	1	0
erst Bundesligator	687	0,764127189	0,000201231	2,727941587	term	1	0
deutsch Technikmuseum	600	0,764101736	0,000276824	3,185442901	ne	1	0
deutsch Wetterdienst	2447	0,763284376	0,001128964	5,211830688	ne	1	0
deutsch Städtetag	1653	0,763152144	0,000762637	4,646586963	ne	1	0
volkswirtschaftlich Gesamtrechnung	615	0,762988269	0,074871189	11,12553088	term	1	1
ökologisch Landbau	3775	0,762945332	0,06113848	10,85718627	term	1	0
schädlich Umwelteinwirkung	415	0,762790935	0,027031646	9,740591369	term	1	0
ober Tabellendrittel	740	0,588442454	0,005179856	7,395231418	free	1	0
stat Navy	3687	0,76067058	0,755526829	13,6004525	ne	0	0
allgemein Hochschulreife	2203	0,75850545	0,007946877	8,010238004	term	1	0
friedlich Koexistenz	1144	0,671180853	0,031495788	9,945286593	free	0	0
grau Eminenz	722	0,756553247	0,014050695	8,820366549	idiom	0	0
apostolisch Vikariat	1662	0,756420123	0,114523162	11,67036689	term	0	0
deutsch Lufthansa	1273	0,755778814	0,000587236	4,270049582	ne	0	0
energetisch Gebäudesanierung	901	0,755140996	0,045131997	10,44660404	term	1	0
steuerlich Absetzbarkeit	470	0,754317117	0,024277328	9,590103577	term	0	0
erst Spatenstich	3518	0,750358423	0,001030043	5,0827437	idiom	1	0
elektrisch Fensterheber	1289	0,796643804	0,012777139	8,686955152	free	1	0
kanadisch Juniorenliga	1035	0,74917352	0,018409351	9,201709003	ne	1	0
deutsch Krankenhausgesellschaft	469	0,749036934	0,000216322	2,830173133	ne	1	0
sozialpädagogisch Familienhilfe	426	0,748658828	0,086619843	11,31290776	term	1	1
staatlich Schulamt	1250	0,748038662	0,006981633	7,82483472	term	1	0
erst Profivertrag	1330	0,847882522	0,000390434	3,680706482	free	1	0
sozial Benachteiligter	703	0,746766926	0,001893537	5,952577406	term	0	0
deutsch Fußball-nationalmannschaft	552	0,745072078	0,000254585	3,06517804	ne	1	0
zivil Ungehorsam	1990	0,744859487	0,053774472	10,68261011	term	0	0
erst Play-off-Runde	420	0,744806335	0,000122952	2,018160085	term	1	0
wien Zentralfriedhof	1246	0,743536944	0,018278312	9,191425704	ne	1	0
vier Qualifikantenplatz	541	0,743383034	0,000719356	4,559495394	term	1	0
kölner Stadtanzeiger	764	0,740777145	0,015391303	8,948726989	ne	1	0
allgemein Persönlichkeitsrecht	1494	0,740023808	0,005389051	7,45451082	term	1	0
deutsch Wiedervereinigung	4235	0,739812854	0,001952999	6,001525792	term	1	0
zweit Lebenshälfte	619	0,76276545	0,00051329	4,073795032	free	1	0
erst Gehversuch	1464	0,734873554	0,000428443	3,81902218	free	1	0
rheinisch Friedrich-Wilhelms-Universität	1932	0,734187584	0,068954542	11,01237407	ne	1	0
schwer Atemschutz	594	0,733830145	0,002307489	6,236703788	term	1	0
klein Einmaleins	425	0,73315139	0,000254187	3,062024768	term	1	0
allgemein Wehrpflicht	1281	0,732260487	0,004620638	7,233992275	term	1	0
zulässig Gesamtmasse	402	0,730794903	0,017758561	9,150085361	term	1	0
offen Ganztagsgrundschule	453	0,730539029	0,001804265	5,882755407	term	1	0
lutherisch Weltbund	665	0,72988405	0,039511511	10,26241082	ne	1	0
paar Jährchen	1458	0,710798358	0,00209749	6,100709391	free	0	0
schweizerisch Nationalfonds	631	0,729251055	0,013969793	8,811209373	term	1	0
gender Mainstreaming	1293	0,728859112	0,749562747	13,56377961	term	1	0
letzt Drücker	1118	0,728773179	0,000697002	4,516351844	idiom	0	0
erst Nachkriegsjahr	882	0,688723123	0,000257719	3,088253058	free	1	0
stabil Seitenlage	480	0,727041502	0,01054783	8,412441232	term	1	0
wissenschaftlich Erstbeschreibung	887	0,726970352	0,00356493	6,861729643	term	1	0
deutsch Flugsicherung	910	0,726946811	0,000419543	3,78604057	term	1	0
deutsch Schachbundesliga	625	0,726806527	0,000288147	3,244287859	ne	1	0
öffentlich Nahverkehr	5244	0,726586241	0,012350706	8,637644869	term	1	0
zweit Jahreshälfte	2882	0,573945562	0,002383519	6,28787639	free	1	0
international Filmfestspiel	4120	0,724623616	0,007916218	8,004842086	ne	1	0
polnisch Woiwodschaft	3370	0,724487174	0,030190295	9,891674096	ne	0	0
früher Strada	401	0,724063847	0,001917035	5,969869529	ne	0	0
kommunal Spitzenverband	1787	0,723133453	0,025667721	9,665992513	term	1	0
bestehend Familienhaushalt	981	0,934120022	0,004746463	7,273870394	term	1	0
kiewer Rus	675	0,721146785	0,329266952	12,85474524	ne	0	0
koronar Herzkrankheit	1545	0,720945465	0,550799068	13,32076134	term	1	0
sekundär Pflanzenstoff	1540	0,720912565	0,114410015	11,6598262	term	1	0
frei Radikaler	3158	0,718480149	0,007916425	8,004436002	term	0	0
international Museumstag	498	0,716985534	0,000956826	4,970130723	ne	1	0
zweit Vatikanisch	3384	0,715832441	0,002804615	6,519871073	error		
voll Pulle	728	0,715339066	0,003113917	6,667373206	idiom	0	0
oberst Heeresleitung	861	0,715287205	0,010331152	8,382710665	term	1	0
europäisch Union	50953	0,714752356	0,106723081	11,57296043	ne	0	0
russisch Zarenreich	425	0,714527056	0,002264867	6,209634253	ne	1	0
deutsch Ruderverband	522	0,71390754	0,000240595	2,984566255	ne	1	0
ganz weile	632	0,712657647	0,000585933	4,26499435	error		
einzig Wahre	434	0,712619777	0,000937904	4,941203962	error		
ehemalig Zisterzienserabtei	478	0,711958147	0,000964149	4,981066561	term	1	0
deutsch Ärzteblatt	796	0,711231975	0,000366863	3,59302989	ne	1	0
erst Länderspieltor	750	0,561708088	0,000217931	2,854345469	free	1	0
erst Bühnenerfahrung	474	0,560604915	0,000137724	2,192543598	free	1	0
österreichisch Eishockey-Liga	667	0,710119983	0,003526942	6,846062523	ne	1	0
deutsch Musikrat	820	0,709471437	0,00037791	3,63586134	term	1	0
beide Weltkriege	441	0,708465064	0,000568624	4,220935821	error		
deutsch Kinderhilfswerk	596	0,707846394	0,000274666	3,175756016	ne	1	0
golden Himbeere	1010	0,707691701	0,008813741	8,156473797	ne	1	0
deutsch Krebsgesellschaft	742	0,7065102	0,00034194	3,491726033	ne	1	0
bedingungslos Grundeinkommen	2757	0,70616529	0,297212738	12,7428208	term	1	0
bürgerlich Gesetzbuch	4136	0,705991404	0,067642504	10,98229773	term	1	0
künstlich Befruchtung	2814	0,705893063	0,053630764	10,67374621	term	0	0
kommunal Neugliederung	1529	0,70490865	0,021961636	9,447098488	term	1	0
südlich Frankenalb	404	0,704511648	0,003761226	6,938074126	ne	1	0
eingetragen Lebenspartnerschaft	1541	0,704501576	0,063545694	10,89943487	term	1	0
groß Verdienstkreuz	1243	0,703643717	0,000530998	4,126878259	ne	1	0
deutsch Fußballbund	531	0,703577841	0,000244688	3,009212956	ne	1	0
historisch Aufführungspraxis	1072	0,701914513	0,003660529	6,8996907	term	1	0
best Nebendarsteller	1865	0,701312257	0,003186089	6,701307782	term	1	0
schwäbisch Alb	4581	0,700202272	0,136078103	11,86643131	ne	0	0
deutsch Amateurmeisterschaft	654	0,699777772	0,000301342	3,309673576	ne	1	0
international Friedensfahrt	403	0,699422461	0,000774227	4,665091847	ne	1	0
gesund Menschenverstand	6781	0,870761125	0,065511126	10,96339567	collocation	1	0
staatlich Gewaltmonopol	530	0,698291944	0,002959953	6,594264462	term	1	0
parlamentarisch Staatssekretärin	961	0,697213021	0,027503726	9,760074934	term	1	0
gymnasial Oberstufe	3263	0,696466104	0,582359286	13,34330834	term	1	0
rechts Maustest	461	0,696312729	0,002117071	6,112610858	term	1	0
sozial Sicherungssystem	2285	0,696029261	0,006153526	7,644146782	term	1	0
europäisch Hochschulraum	468	0,695019295	0,000980151	5,004800585	term	1	0
polizeilich Kriminalstatistik	582	0,694430289	0,035820683	10,12443272	term	1	0
passend Staubsaugerbeutel	2035	0,945770477	0,013904716	8,810738819	free	1	0
deutsch Schachbund	919	0,694205018	0,000423392	3,800192168	ne	1	0
ganz Weile	10483	0,758481751	0,009723403	8,29987923	collocation	0	0
durchschnittlich Jahreseinkommen	1162	0,652699689	0,012372356	8,636555057	free	1	0
deutsch Zollverein	593	0,690683046	0,000273179	3,168465109	ne	1	0
gültig Kfz-Kennzeichen	445	0,689647704	0,008247656	8,061233168	term	1	0
verdeckt Gewinnausschüttung	630	0,689220759	0,053588198	10,67007911	term	1	0
persönlich Bestleistung	3503	0,586446547	0,008919219	8,171437235	collocation	1	0
sexuell Kindesmissbrauch	423	0,688574502	0,006157479	7,643946121	term	1	0
sonstig Wirtschaftsbereichen	619	0,861595234	0,006055472	7,622477577	free	1	0
verschieden Veranstaltungsform	1499	0,851521662	0,001386519	5,504691614	free	1	0
deutsch Feuerwehrverband	408	0,6875371	0,000187941	2,629176394	ne	1	0
frankiert Rückumschlag	457	0,68721541	0,471132952	13,16097543	term	1	0
öffentlich Verkehrsmittel	12634	0,686725099	0,029750518	9,869422307	term	1	0
fliegend Untertasse	640	0,68658501	0,028943369	9,82988716	idiom	1	0
motorisiert Individualverkehr	951	0,686112849	0,124523103	11,75391006	term	1	0
jeweilig Gebietsstand	542	0,734941245	0,001886695	5,947146248	free	1	0
golden Vlies	1178	0,685098693	0,010279508	8,374830745	ne	0	0
grau Vorzeit	1274	0,6846889	0,024792147	9,614899514	idiom	0	0
amerikanisch Ureinwohner	5265	0,684531327	0,02213084	9,45715993	term	1	0
gut Besserung	12460	0,683417236	0,007513918	7,933646427	cliche	0	0
öffentlich Verkehrsraum	487	0,682774468	0,001146766	5,230820621	term	1	0
europäisch Währungsunion	840	0,679372912	0,001759103	5,846987896	ne	1	0
berliner Theatertreffen	563	0,678790731	0,002482983	6,341820232	ne	1	0
ewig Jagdgrund	511	0,678286289	0,007828135	7,986563963	idiom	1	0
zweitklassig DDR-Liga	807	0,820092698	0,124095662	11,78625282	term	1	0
doppelt Abiturjahrgang	668	0,676485197	0,010833898	8,448999829	term	1	0
absolut Nullpunkt	599	0,67603835	0,003839652	6,967579359	term	1	0
barmherzig Samariter	578	0,676009274	0,173728665	12,14494834	idiom	0	0
vorpommersch Boddenlandschaft	442	0,815494236	0,366804466	13,01723867	ne	1	0
groß Lauschangriff	565	0,674551437	0,000241189	2,989940452	term	1	0
typisch Tageszeitenklima	501	0,674387472	0,003147091	6,682090984	term	1	0
nötig Kleingeld	1547	0,673390463	0,019960018	9,311409482	idiom	1	0
direkt Gegenzug	541	0,67103143	0,00271982	6,472616946	free	1	0
erst Weltcuppunkt	1219	0,805652406	0,000357471	3,555002134	term	1	0
programmiert Zelltod	519	0,671390226	0,118302776	11,68643538	term	1	0
eigen Gusto	434	0,636849432	0,000276455	3,185156385	free	0	0
persönlich Schutzausrüstung	1360	0,626168297	0,003463538	6,820244552	free	1	0
oberst Sowjet	1117	0,670448667	0,013402364	8,750391014	term	0	0
höher Töchterschule	929	0,670234435	0,003181658	6,698230649	ne	1	0
deutsch Presserat	590	0,670201184	0,000271666	3,161133941	ne	1	0
weiblich Haushaltsvorstand	491	0,746805293	0,004724799	7,265635289	free	1	0
geschützt Landschaftsbestandteil	468	0,669316367	0,01123369	8,500120051	term	1	0
katholisch Frauengemeinschaft	447	0,669281046	0,002589423	6,40191002	ne	1	0
frei Platzwahl	405	0,872685008	0,001015758	5,055521101	collocation	1	0
frei Meinungsäusserung	464	0,72636973	0,001163184	5,251095089	collocation	1	0
international Staatengemeinschaft	1211	0,668622033	0,002326115	6,249033753	term	1	0
erst Kreisbeigeordneter	893	0,668426139	0,000260737	3,106112077	term	1	0
deutsch Fußball-Bund	794	0,668121914	0,000365579	3,589355747	ne	1	0
rot Adlerorden	1656	0,667838276	0,00554874	7,495550402	term	1	0
parlamentarisch Kontrollgremium	525	0,667762196	0,015025278	8,911567606	term	1	0
eigen Süppchen	904	0,666101907	0,000576158	4,24316788	idiom	0	0
frei Meinungsäußerung	3685	0,669436793	0,009235578	8,22313892	collocation	1	0
berliner Morgenpost	2280	0,665319634	0,010055073	8,343292892	ne	1	0
französisch Revolutionstruppe	1326	0,877514126	0,003776034	6,94526167	free	1	0
dauerhaft Haarentfernung	665	0,664130307	0,016357035	9,03111238	term	1	0
alt Försterei	443	0,662639072	0,000409672	3,749864691	ne	1	0
europäisch Wirtschaftsgemeinschaft	829	0,662350183	0,001735906	5,827925417	ne	1	0
norddeutsch Lloyd	943	0,661174861	0,040253656	10,28009767	ne	0	0
us-amerikanisch Kabelsender	482	0,771569179	0,002847212	6,538826268	free	1	0
privat Equity	654	0,660603677	0,002499219	6,351243889	term	0	0
deutsch Beamtenbund	471	0,659847451	0,000216817	2,836255525	ne	1	0
deutsch Buchhandel	2494	0,664615142	0,001148206	5,238924015	free	1	0
bayerisch Denkmalliste	957	0,661013458	0,006011929	7,609595162	free	1	0
betrieblich Altersversorgung	2846	0,658433151	0,064868871	10,9183037	term	1	0
vier Evangelist	1954	0,658076797	0,002596456	6,40795618	error		
schnöde Mammon	477	0,65701065	0,147631033	11,94765411	idiom	0	0
deutsch Kreditbank	526	0,656420248	0,000242114	2,995533854	ne	1	0
bayerisch Staatsregierung	2837	0,656366706	0,01782204	9,151801815	ne	1	0
bremer Stadtmusikant	549	0,655027929	0,026558748	9,708076583	ne	1	0
hoch Venn	503	0,654777834	0,000577271	4,243617768	ne	0	0
grün Gentechnik	1503	0,654632219	0,009091305	8,199466019	term	1	0
päpstlich Legat	1088	0,654137372	0,051955022	10,62323619	term	0	0
nördlich Kalkalpen	578	0,654090094	0,005941144	7,592298532	ne	1	0
deutsch Free-TV-Sender	560	0,710557217	0,000258091	3,085905892	term	1	0
katholisch Soziallehre	834	0,653749196	0,00483112	7,296635809	free	1	0
us-amerikanisch American-Football-Spieler	1094	0,652270748	0,006461015	7,712435326	free	1	0
deutsch Festnetz	2314	0,645184309	0,00106481	5,130961416	free	1	0
neu Sachlichkeit	2089	0,652183648	0,000589906	4,284580914	term	0	0
militärisch Sperrgebiet	796	0,649777089	0,007379654	7,901915	term	1	0
letzt Kaltzeit	450	0,649683637	0,000280166	3,20417949	term	1	0
körperlich Züchtigung	592	0,649378107	0,006603808	7,743281289	term	0	0
russisch Zaren	404	0,611159945	0,002152466	6,136020775	free	0	0
national Volksarmee	2044	0,646569576	0,009570745	8,272532406	ne	1	0
sexuell Missbrauch	7628	0,64530638	0,1110346	11,60037004	term	0	0
deutsch Rechtswissenschaftler	1344	0,607126951	0,0006178	4,348007358	free	1	0
deutsch Nachkriegsgeschichte	530	0,606623191	0,000243623	3,006416686	free	1	0
deutsch Synchronfassung	987	0,603480239	0,000453648	3,902975186	free	1	0
angezogen Handbremse	672	0,64367017	0,301613888	12,71636039	idiom	1	0
eingetragen Warenzeichen	897	0,642890823	0,036988658	10,16263048	term	1	0
hoch Neuendorf	463	0,642185831	0,000531294	4,124149495	ne	1	0
professionell Zahnreinigung	978	0,64207374	0,009907124	8,321009301	term	1	0
früh Neuzeit	4841	0,641940826	0,023342302	9,528468344	term	1	0
deutsch Literaturarchiv	828	0,64139135	0,000380974	3,649780766	ne	1	0
nationalsozialistisch Machtergreifung	900	0,595439591	0,023452075	9,530331052	free	1	1
äußer Perigonblatt	521	0,641183595	0,006015435	7,609777396	term	1	0
persönlich ich	38994	0,6388598	0,099312994	11,46163149	error		
freiwillig Feuerwehr	23391	0,638790159	0,292348871	12,68254427	term	1	0
aktiv Sterbehilfe	1837	0,638522797	0,010619498	8,419806581	term	1	0
offen Ganztag	419	0,638407985	0,001668422	5,769988165	term	1	0
ausländisch Direktinvestition	596	0,638335759	0,006554419	7,732333499	term	1	0
europäisch Ethnologie	521	0,591623792	0,001090481	5,158953346	free	0	0
gemeldet Mannschaftskader	407	0,636880667	0,038613609	10,22038146	term	1	0
spezialisiert Rechtanwalt	2363	0,669260825	0,077583892	11,15379341	error		
wien Burgtheater	998	0,636540842	0,014639096	8,873466215	ne	1	0
hamburger Hochbahn	542	0,636364269	0,005188889	7,3983731	ne	1	0
beruflich Erstausbildung	417	0,636097133	0,003919461	6,996463551	term	1	0
französisch Juras	639	0,635924808	0,001818256	5,894140663	ne	1	0
europäisch Kulturhauptstadt	774	0,634591428	0,001620477	5,728983423	term	1	0
britisch Kronkolonie	485	0,634451039	0,002073899	6,082852496	term	1	0
augsburger Puppenkiste	515	0,634196667	0,06233205	10,86090568	ne	1	0
letzt Schliff	1994	0,633366869	0,001241048	5,349663905	idiom	0	0
neu Kantonsverfassung	416	0,632996799	0,000117377	1,957442043	term	1	0
interaktiv Whiteboard	455	0,632686879	0,01683117	9,069522584	term	1	0
deutsch Volkstum	527	0,577734372	0,000242027	2,99820259	free	0	0
deutsch Alpenverein	1424	0,631511366	0,000655028	4,431395348	ne	1	0
größer Durchgangsstraße	841	0,631260116	0,002127951	6,120533304	error		
hell Spiralgalaxie	406	0,631098229	0,006533152	7,727410432	term	1	0
rot Beete	832	0,63069154	0,002787397	6,508069839	compound	0	0
wirtschaftlich Totalschaden	560	0,630376373	0,002969078	6,598274768	term	1	0
eigen Faust	8022	0,629237186	0,005109194	7,382398146	idiom	0	0
berliner Senatsverwaltung	543	0,628769331	0,002394452	6,289421862	term	1	0
klassisch Homöopathie	1170	0,628580826	0,005292689	7,427097379	term	0	0
fest Ensemblemitglied	1060	0,647913599	0,006745762	7,773896856	collocation	1	0
international Funkausstellung	655	0,627747016	0,001257812	5,364518632	ne	1	0
britisch Empire	1107	0,626712449	0,00473351	7,26731091	ne	1	0
angegeben Qualifikationspunkt	648	0,954133793	0,015539409	8,968788078	free	1	0
mittler Familieneinkommen	508	0,625713488	0,003856134	6,973095406	term	1	0
stellvertretend Fraktionsvorsitzende	800	0,625061273	0,009519195	8,263631895	term	1	0
ehemalig Jugoslawien	2980	0,624972217	0,006007824	7,60947611	ne	0	0
deutsch Künstlerbund	1147	0,624015893	0,000527501	4,119585134	ne	1	0
römisch Kurie	1113	0,623912202	0,008494561	8,101842071	ne	0	0
heilig Dreifaltigkeit	1473	0,623433017	0,007623933	7,948094275	ne	1	0
beizulegend Zeitwert	536	0,623255444	0,881577283	13,54645294	term	1	0
deutsch Auslandsschule	451	0,622334143	0,000207403	2,773649223	ne	1	0
europäisch Zentralbank	5305	0,621842103	0,011105878	8,484123331	ne	1	0
deutsch Sportabzeichen	636	0,621114869	0,00029247	3,269352301	ne	1	0
hoch Tatra	784	0,620738785	0,000899428	4,883099121	ne	1	0
silbern Lorbeerblatt	737	0,620694491	0,018707546	9,21711067	term	1	0
unbestimmt Rechtsbegriff	806	0,620427777	0,077148803	11,13475411	term	1	0
bayerisch Staatsbibliothek	1418	0,620030727	0,00890723	8,169351826	ne	1	0
betrieblich Gesundheitsmanagement	859	0,619548237	0,019578765	9,280756624	term	1	0
allgemein Schulpflicht	830	0,619374017	0,002992798	6,610022749	term	1	0
schottisch Highland	573	0,619292127	0,017280653	9,105753614	ne	1	0
sozialistisch Einheitspartei	910	0,618815699	0,019750531	9,292929147	ne	1	0
früh Morgenstunde	6320	0,921595688	0,030489052	9,917655549	collocation	1	0
professionell Forderungsmanagement	404	0,65854907	0,004092594	7,058676328	term	1	0
öffentlich Gesundheitsdienst	718	0,617859418	0,00169015	5,789365961	ne	1	0
erst Rechtszug	534	0,617514824	0,000155591	2,364487364	term	1	0
hässlich Entlein	519	0,616329569	0,0425463	10,34893448	idiom	0	0
sozialistisch Arbeiterjugend	502	0,614962064	0,010895322	8,454735513	ne	1	0
preußisch Rheinprovinz	690	0,614464923	0,006920556	7,809416629	ne	1	0
politisch Aschermittwoch	433	0,614099457	0,000818622	4,746007896	term	1	0
vorläufig Insolvenzverwalter	960	0,614042455	0,029709986	9,859085042	term	1	0
rechtzeitig Absendung	405	0,854382525	0,041653456	10,34592095	collocation	0	0
christlich Abendland	1028	0,610482664	0,00754115	7,931943203	term	1	0
neu Lebensmut	489	0,72968638	0,000138483	2,190686815	collocation	1	0
biologisch Arbeitsstoff	633	0,606639316	0,012169098	8,610969364	term	1	0
früh Kindesalter	657	0,69124659	0,003168293	6,692014294	collocation	1	0
alt Ägypter	1426	0,569469107	0,001316932	5,43403272	collocation	0	0
folgend Nachbarcounty	575	0,994566242	0,000797983	4,707502305	free	1	0
kognitiv Verhaltenstherapie	613	0,604460835	0,03994841	10,26203452	term	1	0
britisch Admiralität	615	0,644133486	0,002629864	6,424285517	term	0	0
klein Racker	926	0,603472706	0,000552458	4,184761097	ne	0	0
sozial Gerechtigkeit	9080	0,603272639	0,024442257	9,590123138	term	0	0
berliner Mieterverein	433	0,602743533	0,001909236	5,963756579	ne	1	0
finnisch Meerbusen	706	0,602210704	0,019919724	9,30357422	ne	1	0
barrier Reef	481	0,602002036	0,840907458	13,48888023	ne	0	0
göttlich Vorsehung	506	0,598594561	0,011568204	8,538916941	term	0	0
bayerisch Staatsministerium	3460	0,59719573	0,02173305	9,425298203	ne	1	0
deutsch Ärztetag	717	0,596021132	0,000329475	3,44218185	ne	1	0
international Arbeitsorganisation	953	0,59595277	0,001829656	5,903969349	ne	1	0
deutsch Zeitungsverleger	529	0,595558944	0,000243082	3,003682704	ne	1	0
apostolisch Nuntius	2067	0,595441703	0,142426637	11,87897658	ne	0	0
anschließend Jurastudium	3294	0,896591235	0,034914688	10,10496878	free	1	0
fällig Nachwahl	827	0,595342809	0,078931923	11,15719745	term	1	0
sozial Brennpunkt	2311	0,595263982	0,006220669	7,658174486	term	1	0
ärztlich Schweigepflicht	621	0,595158479	0,013144028	8,719281521	term	1	0
medizinisch Versorgungszentrum	741	0,594547749	0,005973698	7,599051443	ne	1	0
deutsch Reichspost	582	0,594526982	0,000267428	3,141374726	ne	1	0
neu Teilnehmerrekord	434	0,84138563	0,000123302	2,018608638	free	1	0
elektronisch Rechtsverkehr	480	0,594211315	0,004200111	7,095064378	term	1	0
stellvertretend Vorsitzende	611	0,593929616	0,007270022	7,879055844	term	1	0
versucht Totschlag	555	0,592910036	0,068626707	10,97695249	term	1	0
betrieblich Gesundheitsförderung	1254	0,592688946	0,028581334	9,803508661	term	1	0
iranisch Atomprogramm	933	0,592636575	0,038170268	10,19867718	term	1	0
deutsch Fernsehpreis	1389	0,592300261	0,000638199	4,39543543	ne	1	0
notariell Beurkundung	738	0,592277529	0,175419307	12,11464257	term	1	0
eigen Haustür	1308	0,591705056	0,000832398	4,775361211	idiom	1	0
letzt Kriegstag	1323	0,830728032	0,000825936	4,759190644	free	1	0
fahrbar Untersatz	1039	0,590998822	0,280428156	12,60550223	idiom	1	0
örtlich Betäubung	1760	0,590970604	0,020711822	9,357357496	term	0	0
schweiz Nationalliga	416	0,590545344	0,005837691	7,565792807	ne	1	0
gefunden Fressen	1415	0,590452243	0,059252049	10,78518319	ne	0	0
zivil Konfliktbearbeitung	554	0,589174505	0,014969372	8,902158013	term	1	0
ambulant Pflegedienst	2080	0,58910643	0,076635022	11,11787431	term	1	0
direkt Wiederabstieg	642	0,589055788	0,003226905	6,717517758	term	1	0
aktuell Sportstudio	462	0,781777418	0,00091008	4,897643629	free	1	0
folgend Sitzverteilung	1013	0,771361972	0,001404332	5,523040934	free	1	0
zweit Weltkrieg	188068	0,588293402	0,155576894	11,98472071	ne	1	0
grün Bundestagsfraktion	499	0,588292025	0,003017897	6,621238201	term	1	0
römisch Kaiserzeit	1968	0,58680015	0,01501901	8,907178414	term	1	0
letzt Kriegsmonat	569	0,749445966	0,000354844	3,542622728	free	1	0
deutsch Bundesbahn	3488	0,58536571	0,001602269	5,72142533	ne	1	0
negativ Schufa	417	0,585124209	0,003877554	6,980402606	term	0	0
quedlinburger Denkmalverzeichnis	1061	0,584885378	0,355440019	12,82269084	ne	1	0
frei Religionsausübung	649	0,584755509	0,001625847	5,733494964	term	1	0
neu Besucherrekord	448	0,694221403	0,000126716	2,064361358	free	1	0
später Turniersieger	925	0,677274939	0,003440556	6,810501299	free	1	0
ehemalig Steinkohlenbergwerk	497	0,674570708	0,001002275	5,037112721	free	1	0
früh Samstagmorgen	428	0,659431551	0,002063818	6,075818789	free	1	0
frei Waldorfschule	1156	0,580326585	0,002895884	6,563176808	ne	1	0
ständig rühren	817	0,580114754	0,00752283	7,927494263	error		
frei Zeiteinteilung	642	0,580005154	0,001608265	5,717860612	term	1	0
beleidigt Leberwurst	496	0,579433012	0,289887105	12,62832873	idiom	1	0
ehemalig Heimkind	750	0,637392025	0,001512156	5,629484041	free	1	0
wissenschaftlich Beirat	4855	0,578864762	0,019503913	9,273493133	term	1	0
mailand Scala	865	0,577810977	0,281572275	12,5988936	term	0	0
früh Sonntagmorgen	613	0,564436826	0,002955088	6,591072916	free	1	0
gemeinsam Nenner	3787	0,576183616	0,010629723	8,419851171	idiom	0	0
privat Krankenversicherer	643	0,574825174	0,00245644	6,32606865	term	1	0
musikalisch Früherziehung	1268	0,825955406	0,010044505	8,3453188	collocation	1	0
richtig Riecher	549	0,573870379	0,001274879	5,383732381	idiom	0	0
kommunal Finanzausgleich	863	0,582755036	0,012394296	8,635837441	term	1	0
grün Dreiberg	639	0,571735253	0,00386444	6,975679696	ne	1	0
musikalisch Untermalung	2501	0,631568845	0,019806975	9,298174296	collocation	0	0
heilig Nikolaus	1570	0,570340987	0,008124783	8,037232906	ne	0	0
dicht Unterholz	425	0,570274143	0,011031013	8,470289271	term	1	0
musikalisch Umrahmung	1366	0,628272219	0,010818146	8,445534745	collocation	0	0
international Raumstation	1937	0,569739236	0,003718065	6,922296423	ne	1	0
geistig Umnachtung	684	0,832659193	0,007400211	7,909160185	collocation	0	0
deutsch Kriegsmarine	1031	0,569428112	0,00047336	3,965784092	ne	1	0
landwirtschaftlich Nutzfläche	2902	0,568823751	0,046223936	10,4524517	term	1	0
diesjährig Cebit	424	0,568779613	0,006218461	7,655473782	ne	0	0
best Hauptdarstellerin	1798	0,568526159	0,003068574	6,647302288	term	1	0
unter Naturschutzbehörde	2311	0,566577786	0,017195865	9,095858824	ne	1	0
depressiv Verstimmung	1370	0,566310165	0,150975437	11,93149237	term	0	0
leiblich Wohl	8286	0,67168812	0,419268749	13,04630927	collocation	0	0
alt Ägypten	2594	0,565966565	0,002395453	6,294491506	ne	0	0
links Rheinufer	1466	0,565665469	0,007363997	7,897191798	ne	1	0
tickend Zeitbombe	630	0,564513428	0,544980203	13,1494609	idiom	1	0
offen Feldschlacht	445	0,668894185	0,001772114	5,856791653	collocation	1	0
klein Meerjungfrau	550	0,56316729	0,000327805	3,433657036	ne	1	0
deutsch Aids-hilfe	587	0,562150045	0,000269441	3,153674024	ne	1	0
stark Tobak	702	0,561905898	0,001843107	5,913825963	idiom	0	0
körperlich Ertüchtigung	718	0,583283245	0,008008706	8,016593501	collocation	0	0
schriftlich Auftragsbestätigung	411	0,571259728	0,005708734	7,533445912	free	1	0
zulässig Gesamtgewicht	1569	0,665851058	0,069310324	11,0064509	free	1	0
höher Bürgerschule	697	0,560601892	0,002386059	6,284414622	ne	1	0
höher Handelsschule	848	0,559723627	0,002902969	6,565986532	ne	1	0
nationalsozialistisch Gewaltherrschaft	613	0,559112655	0,015973126	8,991384024	term	1	0
finanziell Ruin	1154	0,558798439	0,006900344	7,804168315	idiom	0	0
deutsch Bauernkrieg	498	0,558050266	0,000228556	2,916558721	ne	1	0
vereinigt Königreich	19433	0,557879293	0,129815583	11,75375753	ne	1	0