phrase	raw_frequency	dp1	dp2	logDice	label	compound-nn	compound-adj
gesitg Eigentum	1208	0,063402089	0,999908353	10,93198698	error	0	
berlin-brandenburg-schlesisch Oberlausitz	558	0,382978718	0,998206474	13,14684139	ne	1	1
bezirksfrei Stadt	2975	0,008204695	0,994802988	8,058846332	term	0	1
Dreißigjährig Krieg	6586	0,048816016	0,991507239	10,57421419	term	0	1
getyourguide Kunde	612	0,007569725	0,988279369	7,943459681	ne	0	0
comer See	576	0,006264238	0,987523868	7,672244657	ne	0	0
Dreißigjähriger Krieg	8015	0,059407573	0,983991993	10,84228649	term	0	1
Britisch-Amerikanisch Krieg	634	0,004699239	0,983782426	7,259788299	term	0	1
entspreche Anwalt	1177	0,032256173	0,9798353	9,99900443	error	0	
geraum Zeit	13294	0,013838331	0,979437915	8,804784684	collocation	0	0
dreißiger Jahr	4439	0,001118505	0,975380157	5,194296436	collocation	0	0
kompentent Anwalt	944	0,025870677	0,973013327	9,689618284	error	0	
fünfziger Jahr	7599	0,001914636	0,972861556	5,968712253	collocation	0	0
neunziger Jahr	9266	0,002334528	0,970364609	6,254231916	collocation	0	0
sechziger Jahr	9119	0,002297474	0,970000189	6,231213451	collocation	0	0
achtziger Jahr	10393	0,002618437	0,969764513	6,41941062	collocation	0	0
siebziger Jahr	10930	0,002753726	0,969711039	6,49189499	collocation	0	0
zwanziger Jahr	5262	0,001325708	0,969302116	5,439361069	collocation	0	0
rheumatoide Arthritis	623	0,216169224	0,968884199	12,49968081	term	0	0
süp Lig	1325	0,216361634	0,968542605	12,50064146	error	0	
vierziger Jahr	1524	0,000383935	0,966674124	3,652983219	collocation	0	0
auszusondernd Literatur	685	0,008687148	0,965748068	8,140204522	ne	0	0
unverrichtet Ding	1355	0,007293198	0,963465638	7,88994871	collocation	0	0
marineschule Mürwik	466	0,930139618	0,958847557	13,91727987	ne	0	0
kreisfrei Stadt	11594	0,031972625	0,958840223	9,985852934	term	0	1
wahrst Sinn	14301	0,101280825	0,957667623	11,55153257	collocation	0	0
keinst Weise	7986	0,036521825	0,956931467	10,1709945	collocation	0	0
vossisch Zeitung	542	0,004156797	0,956930337	7,08348149	ne	0	0
rheumatoid Arthritis	1039	0,360513286	0,955832301	13,06642009	term	0	0
vorlesungsfrei Zeit	1408	0,001465453	0,953549053	5,583667271	term	0	1
franckesch Stiftung	414	0,015228319	0,951586645	8,940009026	ne	0	0
unerfindlich Grund	1518	0,0051115	0,951401733	7,380352697	collocation	0	0
helllicht Tag	627	0,000585726	0,948844965	4,262010128	collocation	0	1
Hundertjährig Krieg	890	0,006596538	0,946120201	7,745964007	term	0	1
transsibirisch Eisenbahn	1443	0,082621961	0,945527152	11,28182733	ne	0	1
himmelweit Unterschied	620	0,006421404	0,938901275	7,707322135	collocation	0	1
russisch-japanisch Krieg	413	0,003061071	0,937945606	6,643619974	term	0	1
mulmig Gefühl	1965	0,020793648	0,937920194	9,380712447	collocation	0	0
timmendorfer Strand	896	0,031024612	0,935138119	9,942491706	ne	0	0
vermögenswirksam Leistung	923	0,003789198	0,933910894	6,9503992	term	0	1
nordostitalienisch Gemeinde	435	0,001586147	0,932070304	5,69743723	ne	0	1
lebenslanges Lernen	492	0,014194034	0,931642695	8,839636612	error	0	
letztwillig Verfügung	852	0,042807293	0,9310497	10,38916577	term	0	1
evangelisch-augsburgisch Kirche	470	0,00155606	0,925473084	5,669869793	ne	0	1
jerichower Land	635	0,00144137	0,923397094	5,55967359	ne	0	0
rhätisch Bahn	556	0,009121097	0,923277843	8,209282333	ne	0	0
geraume Zeit	1791	0,001863759	0,92257456	5,930092629	error	0	
demokratisch-republikanisch Partei	651	0,003153869	0,922347613	6,686545705	ne	0	1
hellicht Tag	654	0,000610826	0,916933155	4,322765265	collocation	0	1
Zuständiger Naturschutzbehörde	895	0,219685391	0,916053274	12,50339055	error	1	
spanisch-amerikanisch Krieg	587	0,004350642	0,915066765	7,14869789	term	0	1
allzulang Zeit	476	0,000495313	0,913988056	4,020480234	collocation	0	1
rechtsfrei Raum	1737	0,006733103	0,912894696	7,775079161	term	0	1
strunz'sch Mineralsystematik	804	0,910531881	0,912598913	13,86641685	term	1	0
employer Branding	452	0,43503346	0,911287308	13,23615602	term	0	0
betreutes Wohnen	1657	0,130873506	0,910883563	11,87258391	error	0	
sächsische Schweiz	437	0,023857398	0,91032484	9,573274664	ne	0	0
rausgeschmissen Geld	708	0,008319259	0,908424096	8,077587778	collocation	0	1
zwittrig Blüte	2625	0,059831728	0,904336752	10,84468252	term	0	0
lebensunwert Leben	448	0,0012976	0,901455327	5,408264791	collocation	0	1
gestiefelt Kater	693	0,064699446	0,89994855	10,94975086	ne	0	0
durchzecht Nacht	704	0,006824662	0,896289158	7,794123463	collocation	0	0
erektil Dysfunktion	947	0,454414022	0,895926043	13,27021239	term	0	0
gordisch Knoten	488	0,026692619	0,892047555	9,730068577	idiom	0	0
kohlenstofffaserverstärkt Kunststoff	445	0,043410122	0,891733206	10,40561249	term	1	1
challeng Tour	1179	0,024247548	0,891586905	9,595324253	term	0	0
steinhuder Meer	967	0,020159066	0,887729236	9,335230098	ne	0	0
gelinkt Seite	3353	0,005420096	0,887175914	7,464340795	term	0	0
denkmalgeschützen Objekt	2201	0,020987447	0,886257593	9,392021082	error	0	
abseitsverdächtig Position	407	0,003462502	0,886108699	6,820518783	term	0	1
triftig Grund	2018	0,006794326	0,885908318	7,787819983	collocation	0	0
sehnlichst Wunsch	575	0,009667873	0,885675945	8,291812764	collocation	0	0
grippal Infekt	1392	0,39725935	0,885485337	13,13346714	term	0	0
teutoburger Wald	3440	0,044602361	0,884850611	10,44241608	ne	0	0
beizulegend Zeitwert	536	0,623255444	0,881577283	13,54645294	term	1	0
mexikanisch-amerikanisch Krieg	1129	0,008367518	0,881344166	8,085526149	term	0	1
Kaspisch Meer	976	0,020346639	0,879830804	9,348007293	ne	0	0
aufschiebend Wirkung	2862	0,024139505	0,879479647	9,588617815	term	0	0
neuenheimer Feld	414	0,004619155	0,876660503	7,234359561	ne	0	0
selbes Jahr	1545	0,000388399	0,876319398	3,672662106	error	0	
Oberbergisch Kreis	2040	0,021122874	0,875803171	9,400685124	ne	0	0
tränend Auge	773	0,006114442	0,87181526	7,636497043	collocation	0	0
prenzlauer Berg	4365	0,05531988	0,870874686	10,7352108	ne	0	0
cald Cup	571	0,10589719	0,87040207	11,59510451	ne	0	0
schweisstreibend Job	1009	0,026270467	0,868138399	9,706627474	error	0	
erogen Zone	474	0,014651871	0,867968162	8,8831187	term	0	0
versaill Vertrag	2219	0,03216421	0,867470945	9,989170957	ne	0	0
gerüttelt Maß	458	0,004591027	0,866914297	7,225529412	collocation	0	0
fristlos Kündigung	4178	0,198147016	0,865640479	12,3673197	term	0	0
erneuerbare Energie	482	0,003516938	0,864648788	6,842841787	error	0	
schlaflos Nacht	2878	0,027899047	0,862971378	9,790600828	collocation	0	0
autogen Training	1771	0,043881882	0,861602319	10,4181636	term	0	0
krautig Pflanze	4427	0,061688077	0,860603236	10,88138016	term	0	0
erneuerbar Energie	42301	0,308650171	0,860374595	12,86211207	term	0	0
sixtinisch Kapelle	591	0,022077283	0,860127566	9,462180483	ne	0	0
luftleer Raum	941	0,003647255	0,859613299	6,895235548	term	0	0
destilliert Wasser	1640	0,013423529	0,858919819	8,758696938	collocation	0	0
reiflich Überlegung	1087	0,036547942	0,857108361	10,16573684	collocation	0	0
Kanarisch Insel	1744	0,015939858	0,856449557	9,002328472	ne	0	0
gelb-rot Karte	2199	0,019575403	0,856076418	9,292725626	term	0	1
evangelisch-freikirchlich Gemeinde	889	0,003241127	0,854226651	6,725598916	ne	0	1
Freigrafschaft Burgund	452	0,545234823	0,852828253	13,41184922	ne	0	1
getan Arbeit	2235	0,006220672	0,850569606	7,661254147	collocation	0	0
starnberger See	2183	0,023739134	0,846319428	9,563642304	ne	0	0
tausendundein Nacht	663	0,006426973	0,845136926	7,707570785	ne	0	0
wassergefährdend Stoff	710	0,010768656	0,844903154	8,444806009	term	0	1
abgereichert Uran	619	0,224600285	0,844463786	12,50519772	term	0	0
schulterlang Haar	493	0,006619115	0,843798127	7,749687167	collocation	0	1
zerlassen Butter	490	0,094887217	0,84334949	11,44854676	collocation	0	0
evangelisch-methodistisch Kirche	913	0,003022224	0,841482283	6,625079562	term	0	1
barrier Reef	481	0,602002036	0,840907458	13,48888023	ne	0	0
myeloisch Leukämie	405	0,17833514	0,840239379	12,2349892	term	0	0
gebärfähig Alter	505	0,00788741	0,837153065	8,000334823	collocation	0	0
brenzlig Situation	1663	0,008722635	0,83596969	8,144294313	collocation	0	0
extrasolar Planet	538	0,020132653	0,828833169	9,331101838	term	0	0
bürgerschaftlich Engagement	5727	0,070296655	0,828769859	11,05231115	term	0	0
neunzehnt Jahrhundert	1840	0,002182721	0,826383695	6,157832448	error	1	
Früher Neuzeit	657	0,087261871	0,825341592	11,336515	error	1	
dreieinig Gott	563	0,010888716	0,825250561	8,460152506	term	0	0
diakritisch Zeichen	561	0,008413311	0,818638559	8,092252443	term	0	0
limbisch System	960	0,00431736	0,817975876	7,13714313	term	0	0
berchtesgadener Land	1387	0,003147323	0,817969687	6,683530029	ne	0	0
monoklonal Antikörper	991	0,171333576	0,816958072	12,18022047	term	1	0
ehrenhalb Grab	529	0,027758218	0,81626287	9,780849783	term	0	0
halbrechts Position	690	0,00586974	0,815002749	7,577362342	error	0	
schwindelnd Höhe	409	0,005787804	0,814380247	7,557137595	collocation	0	0
katholisch-theologisch Fakultät	718	0,017546856	0,810177296	9,136521173	term	0	1
personenbezogen Datum	12454	0,069193067	0,808840003	11,02876016	term	0	1
judikativ Verwaltung	470	0,011102142	0,808735095	8,487389805	term	0	0
schmerzverzerrt Gesicht	508	0,007686564	0,807294381	7,963004388	collocation	0	1
halblinks Position	632	0,0053763	0,806551594	7,451458509	error	0	
traubig Blütenstand	629	0,079298266	0,80637275	11,20812797	term	1	0
tecklenburger Land	802	0,001819787	0,805395546	5,895515621	ne	0	0
dankenswert Weise	960	0,004389325	0,804251115	7,1607634	collocation	0	1
mildernd Umstand	625	0,011760162	0,804106092	8,56920626	term	0	0
morphogenetisch Feld	436	0,004864387	0,803970016	7,307936426	term	0	1
depech Mode	1226	0,101212021	0,802300108	11,52408147	ne	0	0
verkehrsgünstig Lage	1012	0,0078994	0,799980273	8,002028433	collocation	0	1
gemeindefrei Gebiet	1677	0,009443445	0,799192216	8,256925903	term	0	1
epileptisch Anfall	2200	0,300092624	0,797942455	12,80293525	term	0	0
kometenhaft Aufstieg	430	0,021146278	0,794722178	9,398704272	collocation	0	0
rheinisch-bergisch Kreis	491	0,005083679	0,791442044	7,37104411	ne	0	1
werberelevant Zielgruppe	504	0,026223366	0,791112676	9,699992523	term	1	1
peloponnesisch Krieg	889	0,006588155	0,787432252	7,742347014	term	0	0
berufsbildend Schule	2436	0,013242381	0,786907586	8,737619673	term	0	1
vorlegend Gericht	497	0,008840678	0,786106264	8,162356205	term	0	0
dendritisch Zelle	574	0,013845867	0,78501577	8,800464446	term	0	0
nomenklatorisch Synonym	480	0,124999312	0,781741702	11,78600475	term	0	0
öffentlich-privat Partnerschaft	501	0,023039045	0,777841207	9,518164322	term	0	1
nachchristlich Jahrhundert	1059	0,001255838	0,777229745	5,362299276	term	0	0
liberaldemokratisch Partei	600	0,002906147	0,773136643	6,568363113	term	0	1
schönhauser Allee	640	0,060651018	0,768256418	10,84708142	ne	0	0
gestern Abend	6918	0,056632901	0,767562832	10,75541303	error	0	
dominikanisch Republik	5360	0,059380906	0,766702977	10,81876985	ne	0	0
sexualisiert Gewalt	1479	0,027851295	0,76447119	9,782396981	term	0	0
betriebsbedingt Kündigung	2354	0,111639548	0,76073121	11,63943165	term	0	1
naturforschend Gesellschaft	430	0,002176499	0,760049842	6,152563843	term	0	1
nord-südlich Richtung	456	0,003413098	0,759316344	6,799144404	term	0	0
associat Professor	1181	0,023986044	0,758263173	9,573536396	term	0	0
glykämisch Index	632	0,093022218	0,757762119	11,40669162	term	0	0
herzliche Dank	597	0,009565713	0,75729679	8,274132814	error	0	
amtsangehörig Gemeinde	550	0,002004774	0,757215188	6,034493789	term	0	1
explosionsgefährdet Bereich	474	0,001593294	0,756875319	5,703901797	term	0	1
nashvill Predator	505	0,53780534	0,755985795	13,32998536	ne	0	0
vereint Nation	29640	0,422209167	0,755798419	13,11600461	ne	0	0
schoss Tor	737	0,004224433	0,75578157	7,10535497	error	0	
stat Navy	3687	0,76067058	0,755526829	13,6004525	ne	0	0
schönhaus Allee	500	0,04738355	0,755235385	10,51277093	ne	0	0
klassenlos Gesellschaft	540	0,00273324	0,752126534	6,480079866	term	0	0
nichtlandwirtschaftlich Arbeitsstätte	465	0,224962925	0,751203404	12,46984332	term	1	1
gender Mainstreaming	1293	0,728859112	0,749562747	13,56377961	term	1	0
ausgekoppelt Single	706	0,016991581	0,747671608	9,088654697	term	0	0
nationaldemokratisch Partei	435	0,002106848	0,7450829	6,105753687	term	0	1
seltenst Fall	3822	0,014459438	0,744127911	8,861096652	collocation	0	0
prenzlau Berg	1268	0,016068731	0,743296317	9,009757317	ne	0	0
sachdienlich Hinweis	1598	0,021221178	0,741497106	9,401148586	term	0	0
mellitus Typ	569	0,008779024	0,739592073	8,15142656	term	0	0
unbeschrieben Blatt	1299	0,020855405	0,739436253	9,376612673	idiom	0	0
neurodegenerativ Erkrankung	636	0,009024991	0,739176277	8,190823416	term	0	1
kategorisiert Ort	738	0,003183876	0,739034525	6,69940872	term	0	0
hochrot Kopf	656	0,011621771	0,738452248	8,550599676	collocation	0	1
vereinigt Staat	110142	0,376195159	0,735275911	12,9945776	ne	0	0
probat Mittel	1597	0,010659929	0,73518371	8,427987406	collocation	0	0
obenliegend Nockenwelle	1107	0,307754404	0,734072093	12,79474426	term	1	1
altenburger Land	1591	0,003609082	0,733298483	6,879956854	ne	0	0
erziehend Mutter	3266	0,049864867	0,732953896	10,57941702	error	0	
nichtselbständig Arbeit	530	0,001474632	0,732230144	5,592640033	term	0	1
zweitgeboren Sohn	411	0,003038563	0,731927945	6,631998119	collocation	0	1
kinderreich Familie	1284	0,006761709	0,731072751	7,778849584	collocation	0	1
brühlsch Terrasse	489	0,036576232	0,730875556	10,15664087	ne	0	0
cm³ Hubraum	6303	0,464639741	0,730575894	13,18407088	term	1	0
verwechselt Farbe	472	0,003712454	0,729999783	6,919622819	term	0	0
iberisch Halbinsel	4858	0,281842631	0,72827226	12,70106164	ne	1	0
informationell Selbstbestimmung	2218	0,409069823	0,725057098	13,06502498	term	1	0
Erneuerbar Energie	486	0,003545568	0,724671852	6,853580609	error	0	
wolkenlos Himmel	1090	0,0281487	0,724540785	9,794343485	collocation	0	0
vertrauensbildend Maßnahme	643	0,004271274	0,722514986	7,12081219	collocation	0	1
krönend Abschluss	3527	0,108898117	0,722153649	11,59853737	collocation	0	0
nachwachsend Rohstoff	6074	0,277974256	0,721896867	12,6831638	term	1	0
böig Wind	664	0,017177605	0,71997844	9,102774157	collocation	0	0
versailler Vertrag	1141	0,016537286	0,71771324	9,049213473	ne	0	0
kolorektal Karzinom	438	0,274435202	0,716851663	12,66691615	term	0	0
wirbellos Tier	760	0,005336234	0,71423034	7,43972751	term	0	0
ionisierend Strahlung	1294	0,085641657	0,714057085	11,29109469	term	0	0
arglistig Täuschung	1185	0,245389966	0,712548934	12,54622406	collocation	0	0
Botanisch Garten	2958	0,045672331	0,712281986	10,45802247	ne	0	0
läufig Hündin	590	0,059384782	0,711652851	10,81064447	term	0	0
entarten Kunst	750	0,007054125	0,709013285	7,838730364	term	0	0
absehbar Zeit	11870	0,012332419	0,708768806	8,636705497	collocation	0	0
hochsommerlich Temperatur	1090	0,017359916	0,70839579	9,117177494	collocation	0	1
schulpflichtig Kind	1468	0,003274607	0,708259145	6,74025353	term	0	1
geldwert Vorteil	2091	0,022315248	0,705948518	9,469584799	term	0	1
limitierend Faktor	635	0,007964417	0,705149418	8,011834201	collocation	0	0
faustdick Überraschung	438	0,013076769	0,696173646	8,716414751	collocation	0	1
haushaltsnah Dienstleistung	852	0,030511658	0,69537118	9,903649841	term	1	1
Amerikanisches Unabhängigkeitskrieg	490	0,136793977	0,694035112	11,87054875	ne	1	0
versteuernd Einkommen	609	0,016104616	0,693430804	9,01062531	term	0	0
traditionelle Medizin	402	0,009669754	0,692892026	8,287840909	error	0	
eidesstattlich Versicherung	2049	0,091554356	0,691424446	11,3714615	term	0	1
fachgebunden Hochschulreife	440	0,151775463	0,690725205	11,99345715	term	1	1
bildgebend Verfahren	2831	0,023029804	0,690714276	9,512763387	term	0	1
fruchtbringend Gesellschaft	513	0,002596265	0,690362983	6,405897339	ne	0	1
hellseherisch Fähigkeit	567	0,007815057	0,687737163	7,984420245	collocation	0	1
letz Jahr	664	0,000165888	0,687512264	2,454595707	error	0	
Byzantinisch Reich	525	0,003963884	0,687396096	7,013285691	ne	0	0
dreißigjährig Krieg	2807	0,020799284	0,686637881	9,370108749	term	0	1
kaspisch Meer	1190	0,024805933	0,686430279	9,615787627	ne	0	0
misslich Lage	1538	0,01200357	0,685650818	8,595019035	collocation	0	0
selbstgesteuert Lernen	577	0,0166451	0,683474238	9,056652289	term	0	1
kassenärztlich Vereinigung	3980	0,112030584	0,682513815	11,62284834	term	0	1
landgerichtlich Urteil	473	0,010575551	0,681328951	8,414815114	term	0	1
eierlegend Wollmilchsau	1139	0,846208258	0,681219033	13,59417494	idiom	1	1
erdähnlich Planet	517	0,019346111	0,681024839	9,267873588	term	0	1
umbaut Raum	595	0,002305241	0,679456344	6,235150706	term	0	0
naturhistorisch Museum	1754	0,021819256	0,678388806	9,436374321	ne	0	1
Pazifisch Ozean	1445	0,074835926	0,678312016	11,10897108	ne	0	0
verfassungsgebend Versammlung	1359	0,072353194	0,677716006	11,0649358	term	0	1
meistes Zeit	2528	0,002625634	0,677032657	6,42466421	error	0	
mannschaftlich Geschlossenheit	762	0,322469555	0,675523693	12,80422255	collocation	0	0
zusammenwachsend Europa	446	0,011573991	0,674539656	8,542628324	ne	0	1
kürzest Zeit	22029	0,022878778	0,673056993	9,505557252	collocation	0	0
rot-silbern Decke	565	0,038210404	0,671746228	10,21035383	free	0	1
wechselvoll Geschichte	3168	0,012904412	0,67036953	8,697424537	collocation	0	0
anaphylaktisch Schock	500	0,057828947	0,670199451	10,76856759	term	0	0
verheiraten Paar	2284	0,04191402	0,6699197	10,33624564	error	0	
angeleint Hund	402	0,003576673	0,669425	6,865560908	collocation	0	0
verhaltensbedingt Kündigung	538	0,025514403	0,669048705	9,653543937	term	0	1
heut Abend	403	0,003298686	0,668810051	6,749460592	error	0	
steyl Missionar	470	0,064576969	0,665687416	10,91362094	error	0	
alkoholisch Getränk	4740	0,16763883	0,664489345	12,09900585	collocation	0	0
unbeantwortet Frage	563	0,001632488	0,663717936	5,73903661	collocation	0	0
julianisch Kalender	813	0,059922681	0,661447924	10,81419196	ne	0	0
zentralafrikanisch Republik	1515	0,016782267	0,656526055	9,067032008	ne	0	1
bildend Kunst	24435	0,229808539	0,654199481	12,44472416	term	0	0
dendrochronologisch Untersuchung	556	0,004599158	0,65349984	7,225947721	term	0	1
weitest Sinn	5682	0,040226163	0,652783016	10,27861926	collocation	0	0
ungut Gefühl	3004	0,031781153	0,652147966	9,956071661	collocation	0	0
knurrend Magen	532	0,086841496	0,650338019	11,2937312	collocation	0	0
verfassunggebend Versammlung	1086	0,057818308	0,649430649	10,764713	term	0	1
spielbestimmend Mannschaft	511	0,002353707	0,649015533	6,264800035	term	1	1
glasfaserverstärkt Kunststoff	703	0,068576718	0,648474949	10,98888411	term	1	1
zwanzigst Jahrhundert	3130	0,003707665	0,647502234	6,919876367	error	1	
unbillig Härte	518	0,051689994	0,646642831	10,61512876	collocation	0	0
pflichtgemäß Ermessen	765	0,131305768	0,644999303	11,80370566	term	0	1
ungeboren Kind	3085	0,006879383	0,644601767	7,803031094	collocation	0	0
philosophisch-theologisch Hochschule	875	0,011120499	0,644405202	8,485012112	ne	1	1
strafbewehrt Unterlassungserklärung	671	0,360363293	0,643947818	12,88634322	term	1	0
festverzinslich Wertpapier	905	0,185562323	0,643649587	12,20453612	term	1	1
dunkelblond Haar	406	0,005450265	0,643042736	7,468676164	collocation	0	1
achtzigjährig Krieg	610	0,004519662	0,642770168	7,200882961	term	0	1
eigenwirtschaftlich Zweck	468	0,006164591	0,64246974	7,644761861	term	0	1
konzertiert Aktion	1155	0,012431427	0,641909321	8,642859339	term	0	0
strömend Regen	3434	0,160001321	0,641297031	12,03492169	collocation	0	0
berchtesgaden Land	1178	0,002671021	0,640055779	6,447435275	ne	0	0
entgegengebracht Vertrauen	780	0,039124898	0,638722264	10,23855105	term	0	0
stillend Mutter	734	0,011205842	0,636820214	8,495513824	collocation	0	0
monotypisch Gattung	763	0,030653874	0,636239732	9,904440521	term	0	0
randomisiert Studie	1541	0,011752608	0,634013523	8,563203351	term	0	0
schmalst Stelle	738	0,002756224	0,633741623	6,491797258	collocation	0	0
Trojanisch Krieg	439	0,003252619	0,632787008	6,729005003	ne	0	0
altersgemischt Gruppe	615	0,002235998	0,630008607	6,191221517	term	0	1
verfahren Situation	636	0,003334621	0,629976691	6,764956689	collocation	0	0
kommandierend General	1610	0,071870126	0,62904524	11,04557246	collocation	0	0
bestockt Rebfläche	444	0,402537186	0,6288918	12,97343917	term	1	0
herzlichen Glückwunsch	722	0,021590658	0,628751845	9,417996191	error	1	
kinetisch Energie	3084	0,022495676	0,628058223	9,4756552	term	0	0
posttraumatisch Belastungsstörung	1420	0,825097366	0,628039144	13,51239771	term	1	0
vorreformatorisch Zeit	598	0,000620744	0,627873985	4,349023327	term	0	0
allgäu Alpen	1315	0,179788168	0,627354687	12,16086808	ne	0	0
alleinerziehend Mutter	3550	0,054196706	0,62622619	10,67492579	collocation	0	1
vorgang Jahr	1877	0,000467615	0,626201674	3,953055177	error	0	
korrespondierend Mitglied	4372	0,015688816	0,626122239	8,971451876	term	0	0
neuralgisch Punkt	657	0,001562701	0,625954019	5,676515041	term	0	0
berlin-brandenburgisch Akademie	601	0,011423127	0,623824308	8,5221643	ne	0	1
vorauseilend Gehorsam	1092	0,278923813	0,623273173	12,62438765	term	0	0
verkaufsoffen Sonntag	1894	0,043380744	0,622811846	10,37627105	term	1	1
aufgehend Sonne	2323	0,089846949	0,622667358	11,3292927	collocation	0	0
untergehend Sonne	1613	0,062386194	0,622655432	10,8597447	collocation	0	0
kaserniert Volkspolizei	440	0,333584674	0,621464412	12,79622934	term	1	0
erstgeboren Sohn	862	0,006371774	0,621243559	7,691808809	collocation	0	0
neuapostolisch Kirche	2393	0,007916137	0,620019679	8,002102196	term	0	1
Napoleonisch Krieg	459	0,003400723	0,619579747	6,79277828	ne	0	0
eineiig Zwilling	932	0,177622362	0,618835741	12,1428733	term	0	0
zweischneidig Schwert	1117	0,09971969	0,617757946	11,45819102	idiom	0	1
naturgegeben Recht	1511	0,010062276	0,61647548	8,342450408	collocation	0	1
asiatisch-pazifisch Raum	459	0,001777975	0,616443429	5,861485583	term	0	1
südchinesisch Meer	1207	0,025159244	0,61432197	9,62956178	ne	0	1
gestrichelt Linie	743	0,003840098	0,613568236	6,967266398	collocation	0	0
behandelnd Arzt	7580	0,111122361	0,612610149	11,59011653	term	0	0
steuerbegünstigt Zweck	1240	0,016333043	0,612264781	9,026325776	term	0	1
umgestürzt Baum	1214	0,020080746	0,611282711	9,31562397	collocation	0	0
griechisch-katholisch Kirche	1199	0,003966174	0,609877864	7,01405127	term	0	1
altenburg Land	802	0,00181814	0,608556895	5,894470251	ne	0	0
siebenjährig Krieg	5506	0,040793032	0,608540945	10,29156059	term	0	1
weimar Republik	8893	0,09850571	0,60723502	11,43997812	ne	0	0
gymnastisch Übung	417	0,009982811	0,606774543	8,330324686	collocation	0	0
urkundlich Erwähnung	11881	0,260462979	0,606526459	12,54398346	collocation	0	0
gütlich Einigung	888	0,112959754	0,605281162	11,60706379	term	0	0
nachehelich Unterhalt	707	0,174006965	0,603225085	12,11159258	term	0	0
kochend Wasser	3513	0,028745271	0,602895194	9,81290647	collocation	0	0
gangbar Weg	1176	0,003819596	0,602743	6,960031864	idiom	0	0
lüneburger Heide	4713	0,432250391	0,602653631	13,00990597	ne	0	0
durchschlagend Erfolg	1604	0,006960704	0,600701869	7,817977234	collocation	0	0
ausdauernd Pflanze	2749	0,038298874	0,600651256	10,20465302	collocation	0	0
serbisch-orthodox Kirche	775	0,002563518	0,600161023	6,387685555	ne	0	1
bernauer Straße	450	0,002075373	0,599690634	6,083675967	ne	0	0
treptower Park	505	0,019102448	0,598917844	9,244742217	ne	0	0
allgemeinbildend Schule	2590	0,014074225	0,598328387	8,816599326	term	0	1
unbefleckt Empfängnis	1474	0,797613917	0,596035281	13,44837129	term	0	0
christlichsozial Partei	648	0,003137354	0,595079494	6,677223347	term	0	1
darstellend Kunst	4051	0,038095988	0,593724547	10,19664439	collocation	0	0
eheähnlich Gemeinschaft	789	0,013166081	0,591594324	8,721529931	term	0	1
israelisch-palästinensisch Konflikt	667	0,012371221	0,587910006	8,633376314	term	0	1
lockig Haar	510	0,006845994	0,585827028	7,793110134	collocation	0	0
gebückt Haltung	410	0,00757889	0,585438616	7,937934113	collocation	0	0
zusammenlebend Paar	411	0,00754185	0,582701015	7,930875319	collocation	0	1
gymnasial Oberstufe	3263	0,696466104	0,582359286	13,34330834	term	1	0
jäh Ende	1609	0,014079322	0,581970467	8,815861261	collocation	0	0
grüne Jugend	461	0,013725074	0,581900597	8,779508879	error	0	
kerntechnisch Anlage	718	0,006618094	0,581294383	7,74488593	term	0	1
ausweglos Situation	1087	0,005698519	0,580932403	7,531749727	collocation	0	0
kovalent Bindung	434	0,017508978	0,580088844	9,121475796	term	0	0
kurisch Nehrung	471	0,43250512	0,577910937	12,98476549	ne	0	0
erbracht Leistung	3316	0,013601925	0,57666782	8,767681786	collocation	0	0
abelsch Gruppe	533	0,00193746	0,576056137	5,98503745	term	0	0
zündend Idee	1266	0,007066626	0,575852418	7,838631265	collocation	0	0
fraktionslos Abgeordneter	445	0,011898938	0,575489418	8,577661154	term	0	1
vorgefasst Meinung	433	0,004123265	0,574496318	7,06826618	collocation	0	0
monoklin Kristallsystem	546	0,251494926	0,574124147	12,48450232	term	1	0
erster mal	11403	0,1259356	0,573387253	11,72490199	error	0	
klirrend Kälte	780	0,094313824	0,573069542	11,37386043	collocation	0	0
oberbergisch Kreis	680	0,007038851	0,572863348	7,832478545	ne	0	0
freiheitlich-demokratisch Grundordnung	689	0,193156878	0,572720049	12,20858662	term	1	1
nächstmöglich Zeitpunkt	1319	0,020611719	0,571912477	9,348899334	collocation	1	1
monotheistisch Religion	1122	0,026803159	0,571656254	9,712686796	term	0	1
hackesch Markt	580	0,005371972	0,571440826	7,446774573	ne	0	0
sterblich Überrest	3427	0,346603447	0,569141378	12,78526563	term	0	0
vorgeheizt Backofen	1793	0,524262031	0,56901735	13,12626255	collocation	1	0
haag Konvention	2217	0,198861098	0,568124301	12,23691719	ne	0	0
aufgeworfen Frage	1388	0,004022824	0,565694597	7,034169982	collocation	0	0
volkseigen Betrieb	1263	0,011740138	0,565061025	8,558554057	term	0	1
bewölkt Himmel	638	0,016474751	0,564906281	9,035156714	collocation	0	0
bauaufsichtlich Zulassung	501	0,041416668	0,564765705	10,30433063	term	0	1
schwerbehindert Mensch	2195	0,003355214	0,56443031	6,775796105	collocation	0	1
klopfend Herz	452	0,008357118	0,563315635	8,076291258	idiom	0	0
mundgerecht Stück	493	0,002550755	0,561796074	6,3797244	collocation	0	1
amtsfrei Gemeinde	649	0,002364093	0,560499765	6,271026126	term	0	1
flächenhaft Naturdenkmal	1120	0,197421891	0,560256757	12,22389601	term	1	0
vergewaltigt Frau	407	0,001182385	0,558071672	5,274874543	collocation	0	0
krebskrank Kind	1329	0,002961917	0,555875473	6,595733005	collocation	0	1
physikalisch-technisch Bundesanstalt	521	0,381403412	0,554250979	12,85396276	ne	1	1
ungesättigt Fettsäure	2257	0,298851902	0,554109806	12,63524761	term	0	0
gähnend Leere	865	0,189398618	0,551287552	12,17347356	collocation	0	0
koronar Herzkrankheit	1545	0,720945465	0,550799068	13,32076134	term	1	0
gelistet Objekt	3933	0,037488782	0,548783301	10,16795327	collocation	0	0
einstweilig Verfügung	6963	0,349817311	0,548373993	12,77295322	term	0	0
vorgehalten Hand	1908	0,012565237	0,547663901	8,653806873	idiom	0	0
angerichtet Schaden	1022	0,012358517	0,547276298	8,629952451	collocation	0	0
kanarisch Insel	2144	0,019588522	0,546946596	9,276084403	ne	0	0
abgewandt Seite	692	0,001116135	0,546907207	5,193559803	collocation	0	0
diakonisch Werk	5783	0,026482949	0,545816725	9,694265853	term	0	0
nordelbisch Kirche	657	0,002172641	0,545496473	6,149796509	term	0	0
außerplanmäßig Professor	2351	0,047742465	0,545361451	10,49067541	term	0	1
wiedervereinigt Deutschland	659	0,013725202	0,54528665	8,777412126	term	0	1
gesteckt Ziel	2475	0,013282941	0,545173024	8,732169147	collocation	0	0
ungebeten Gast	1113	0,011710286	0,545106024	8,553856748	collocation	0	0
tickend Zeitbombe	630	0,564513428	0,544980203	13,1494609	idiom	1	0
feinsandig Strand	651	0,022538757	0,544624898	9,470236616	collocation	0	1
oberständig Fruchtknot	404	0,350084919	0,544470542	12,76946823	term	1	0
russisch-orthodox Kirche	1337	0,004421305	0,543947461	7,168895315	term	0	1
marktbeherrschend Stellung	893	0,019064311	0,543613034	9,237592849	term	0	1
molar Masse	811	0,019209953	0,542988993	9,248113407	term	0	0
britisch-amerikanisch Krieg	628	0,004652104	0,542562939	7,24063125	term	0	1
klangvoll Name	1274	0,006081691	0,541290125	7,623896765	collocation	0	0
stimmberechtigt Mitglied	2406	0,008630761	0,540596344	8,122631074	term	0	1
flau Gefühl	698	0,007383426	0,539765952	7,899510854	collocation	0	0
konstituierend Sitzung	3258	0,072165971	0,539367559	11,02661931	term	0	0
orthorhombisch Kristallsystem	401	0,184705746	0,538969404	12,13817826	term	1	0
demenzkrank Mensch	519	0,000793092	0,537276447	4,701782887	collocation	0	1
standesamtlich Trauung	879	0,226717804	0,537270667	12,35109747	term	0	0
klammern Einwohnerzahl	1156	0,195562471	0,537150301	12,19782468	error	1	
weimarer Republik	7144	0,079124526	0,536837198	11,14256227	ne	0	0
kategorisch Imperativ	1162	0,490911621	0,536714366	13,03646221	term	0	0
verwandtschaftlich Beziehung	1552	0,012119409	0,534892416	8,601983623	collocation	0	0
integral Bestandteil	4165	0,056290224	0,53368433	10,70488734	collocation	1	0
embryonal Stammzelle	2226	0,368350051	0,532516282	12,80070687	term	1	0
gleichseitig Dreieck	568	0,055239572	0,528814171	10,67857999	term	1	1
tätlich Angriff	739	0,012282771	0,528307189	8,620029638	collocation	0	0
trojanisch Pferd	1538	0,028538396	0,528253525	9,793515901	idiom	0	0
mittelfränkisch Landkreis	1622	0,035626018	0,527597529	10,09512691	term	1	1
allergisch Reaktion	5395	0,08205707	0,526700003	11,18437899	term	0	0
schwanger Frau	4206	0,012216638	0,526581767	8,614239121	collocation	0	0
fettlöslich Vitamin	518	0,06539338	0,52531695	10,89608441	term	0	1
treibend Kraft	6226	0,039158327	0,524041064	10,22263985	idiom	0	0
wachsam Auge	1112	0,008791582	0,523390431	8,147173013	idiom	0	0
griechisch-römisch Stil	1991	0,02233361	0,523086621	9,455669132	term	0	1
finanzierend Bank	566	0,007295082	0,519825178	7,881572472	term	0	0
heil Welt	3511	0,012108775	0,519528079	8,600981787	collocation	0	0
befruchtet Eizelle	1202	0,440610115	0,518990436	12,93086862	term	0	0
erbringen Leistung	1779	0,007295521	0,518477778	7,88276353	error	0	
ostantarktisch Viktorialand	912	0,820877738	0,518475385	13,34605499	ne	1	1
pflegend Angehöriger	2799	0,13262178	0,51766404	11,75650114	term	0	0
lobend Wort	1711	0,007467812	0,516064341	7,915783363	collocation	0	0
ungünstigst Fall	1095	0,004139274	0,515401928	7,07390307	collocation	0	0
panisch Angst	1839	0,054636951	0,512092877	10,6600241	collocation	0	0
vertragsärztlich Versorgung	721	0,01292549	0,511427736	8,690758609	term	0	1
philharmonisch Orchester	1520	0,093352891	0,511020358	11,33691011	term	0	0
liquide Mittel	529	0,00352943	0,50985129	6,844770476	term	0	0
postgradual Studium	821	0,028311174	0,509793194	9,779758664	term	0	0
molekulargenetisch Untersuchung	1112	0,009195844	0,509242908	8,21025527	term	0	1
aufmunternd Wort	1031	0,004499754	0,509225941	7,193013695	collocation	0	0
ärmlich Verhältnis	2209	0,018059343	0,508956759	9,159487756	term	0	0
höchstrichterlich Rechtsprechung	1159	0,071172788	0,508925401	10,99875576	term	1	1
gezapft Bier	439	0,016478038	0,508556063	9,030880671	collocation	0	0
helfend Hand	2334	0,015368991	0,508283881	8,934307569	idiom	0	0
schengener Abkommen	514	0,031152729	0,507321662	9,909650696	term	0	0
syrisch-orthodox Kirche	434	0,001434893	0,507243697	5,553254947	term	0	1
fleischfressend Pflanze	811	0,011297507	0,506510624	8,500852086	collocation	0	1
hochgesteckt Ziel	473	0,002538174	0,506013029	6,372138393	collocation	0	1
tempelhofer Feld	660	0,007361036	0,505678089	7,893932814	ne	0	0
bürgerkriegsähnlich Zustand	503	0,00358961	0,504811076	6,868843639	term	0	1
südlicher Richtung	5171	0,038686367	0,50235609	10,20198178	term	0	0
heute Abend	12931	0,105811557	0,502316912	11,48481054	error	0	
altkatholisch Kirche	670	0,002215074	0,501078065	6,177436303	term	0	1
zinslos Darlehen	672	0,097912917	0,500340505	11,38985398	term	0	0
breitesten Stelle	764	0,002851675	0,499942214	6,539806807	error	0	
irreparabel Schaden	690	0,008343175	0,498133901	8,071475188	collocation	0	0
ausgebildetet Anwalt	978	0,026797528	0,497527548	9,7028446	error	0	
vorsitzend Richter	2370	0,089062002	0,497252228	11,27348146	term	0	0
dreissig Jahr	1086	0,00026835	0,496768041	3,163942378	error	0	
mittelständisch Unternehmen	10548	0,038419649	0,495490135	10,19244482	term	0	0
selbstgebacken Kuchen	1264	0,133200256	0,495255564	11,74811316	collocation	0	0
süddeutsch Zeitung	13953	0,106940801	0,49478646	11,49370027	ne	0	1
tröstend Wort	713	0,003111631	0,493623553	6,664565795	collocation	0	0
demografisch Wandel	6766	0,197777463	0,493439468	12,17598804	term	0	0
vortragend Rat	444	0,008281544	0,492512809	8,060473729	term	0	0
unwegsam Gelände	1261	0,035019154	0,492207365	10,06542289	collocation	0	0
interreligiös Dialog	1695	0,045075594	0,491833037	10,40229129	term	0	0
tatkräftig Unterstützung	3641	0,035362946	0,488543252	10,078405	collocation	0	1
achtzehnt Jahrhundert	835	0,000986965	0,488013677	5,018861736	error	1	
atomwaffenfrei Welt	404	0,001393059	0,487619102	5,510609045	collocation	0	1
Sechziger Jahr	401	9,90E-05	0,48721674	1,727068496	error	0	
strafbar Handlung	2019	0,038728847	0,48707073	10,19960326	collocation	0	0
parkend Auto	1243	0,014377169	0,486059636	8,838563034	collocation	0	0
ätherisch Öl	4686	0,202682477	0,485601857	12,19427333	term	0	0
sozialliberal Koalition	695	0,022713824	0,484842963	9,473913169	term	0	1
deutsch-dänisch Krieg	921	0,006821509	0,482522759	7,785137737	term	0	1
bayreuth Festspiel	923	0,110839157	0,482450213	11,52825874	term	1	0
unbenannt Gruppe	1127	0,004094704	0,482077872	7,057969524	collocation	0	0
kampfbetont Spiel	433	0,000895346	0,48078405	4,87589063	collocation	0	1
lauwarm Wasser	1979	0,016188946	0,480072591	9,004312106	collocation	0	0
ablehnend Haltung	2736	0,050569932	0,479567907	10,55026005	collocation	0	0
ausgebildetet Rechtsanwalt	941	0,044723327	0,478777194	10,38851651	error	1	
regenerativ Energie	6614	0,048227764	0,47864024	10,48869562	term	0	0
leidvoll Erfahrung	1211	0,005076354	0,477628074	7,364699016	collocation	0	0
vierthöchst Spielklasse	743	0,0194232	0,477313826	9,256701342	collocation	1	1
sozialversicherungspflichtig Beschäftigter	2633	0,081424022	0,476581135	11,15433367	term	0	1
Lieben Gruß	863	0,013029213	0,475933705	8,699481735	error	0	
eingeschlagen Weg	2593	0,008415885	0,472473921	8,084432827	idiom	0	0
nächstgrößer Stadt	671	0,001846711	0,471676893	5,916542471	error	0	
frankiert Rückumschlag	457	0,68721541	0,471132952	13,16097543	term	1	0
gend Mainstreaming	430	0,242387598	0,470967906	12,35641224	error	1	
jugendgefährdend Medium	1036	0,009451919	0,470137899	8,247034999	term	0	1
haushoch Favorit	683	0,051726713	0,469997641	10,57653798	collocation	0	1
abgegeben Stimme	5992	0,044599827	0,467502863	10,38293352	collocation	0	0
olympisch Spiel	62471	0,129155385	0,46669593	11,69933561	ne	0	0
zweites mal	1495	0,016507793	0,465420033	9,029798862	error	0	
dreigliedrig Schulsystem	895	0,128053098	0,465387319	11,68421035	term	1	1
kreisangehörig Stadt	1066	0,002933647	0,464664062	6,580929173	term	0	1
fünfundzwanzig Jahr	946	0,000233103	0,463759588	2,964883415	error	0	
antiretroviral Therapie	408	0,008427676	0,4633899	8,083769259	term	0	0
abgewandelt Form	1824	0,005478446	0,462424961	7,47386974	collocation	0	0
schutzwürdig Interesse	1238	0,007063258	0,461737929	7,834175708	term	0	1
soziales Jahr	650	0,000160111	0,460036918	2,423701353	error	0	
oberpfälz Landkreis	911	0,020008124	0,459639658	9,295667351	ne	1	0
wohltemperiert Klavier	479	0,110569577	0,458353418	11,51129609	ne	0	1
eineinhalb Jahr	7534	0,001855351	0,457399421	5,953375717	error	0	
innerdeutsch Grenze	2334	0,024257556	0,456716945	9,5607985	term	0	0
bildlich Darstellung	2499	0,027864169	0,456575156	9,749916786	collocation	0	0
kolloidal Silber	488	0,075820509	0,456470856	11,05710098	term	0	0
metamorph Gestein	435	0,033817891	0,455911021	10,01081922	term	0	0
osmanisch Reich	10950	0,082633769	0,455740258	11,16377149	ne	0	0
grenzend Wahrscheinlichkeit	1577	0,073277809	0,455677934	11,0145966	error	0	
zweitausend Jahr	1302	0,000320585	0,455677415	3,425417008	error	0	
unkalkulierbar Risiko	766	0,01111625	0,455331331	8,474637641	collocation	0	0
strukturschwach Region	958	0,008359024	0,454739937	8,07230244	term	0	1
verarbeitend Gewerbe	2437	0,195790859	0,454443187	12,13065266	term	0	0
einhellig Meinung	1583	0,015070413	0,453050678	8,901615387	collocation	0	0
koordinativ Fähigkeit	405	0,005580614	0,452649669	7,497617532	term	0	0
landläufig Meinung	1266	0,012052497	0,452257089	8,588492359	collocation	0	1
bange Frage	552	0,001598604	0,452180611	5,709025384	collocation	0	0
planetarisch Nebel	769	0,082197244	0,452042912	11,15429789	term	0	0
uniert Kirche	452	0,001493846	0,451811372	5,611196888	term	0	0
gekippt Fenster	411	0,006031266	0,4517975	7,608163221	collocation	0	0
schnurlos Telefon	627	0,06297318	0,451031225	10,82242548	collocation	0	0
psychoaktiv Substanz	542	0,012660457	0,450698121	8,65690035	term	0	0
pflegebedürftig Mensch	1842	0,002811435	0,450576375	6,522426291	collocation	0	1
bemehlt Arbeitsfläche	410	0,350724539	0,449557505	12,65641885	collocation	1	0
kieferorthopädisch Behandlung	613	0,007145168	0,449305993	7,8492091	term	0	1
tönern Fuß	414	0,008319505	0,44925804	8,064699695	idiom	0	0
magmatisch Gestein	458	0,035605878	0,44851612	10,07817205	term	0	0
prall Sonne	1823	0,070502473	0,446799852	10,96269779	collocation	0	0
sengend Hitze	472	0,029783677	0,445204062	9,837395315	collocation	0	0
erschwinglich Preis	1532	0,007030102	0,444757521	7,827167794	collocation	0	0
Zoologisch Garten	789	0,012178951	0,444429087	8,602142392	ne	0	0
untergeordnet Rolle	6809	0,029227085	0,444338762	9,813793554	collocation	0	0
rostfrei Stahl	960	0,121037836	0,444202977	11,6059661	term	0	1
Jüngst Gericht	833	0,014813283	0,443982249	8,876220148	term	0	0
gehütet Geheimnis	680	0,038719998	0,443777539	10,18871032	collocation	0	0
streunend Hund	560	0,004980245	0,4435178	7,335374945	collocation	0	0
verfassungskonform Auslegung	413	0,028937137	0,442586921	9,797834662	term	0	1
fraunhofer Institut	1352	0,017616306	0,442311084	9,117447384	term	0	0
gespart Geld	965	0,011333353	0,442025492	8,501005122	collocation	0	0
rheumatisch Erkrankung	1684	0,023888484	0,441641521	9,537145616	term	0	0
adriatisch Meer	541	0,011275074	0,441389086	8,493348692	ne	0	0
wohltätig Zweck	1711	0,02253141	0,44128134	9,456974961	collocation	0	0
grün-rot Landesregierung	444	0,026362904	0,440829399	9,671021903	term	1	1
behindert Mensch	14315	0,021844773	0,439362464	9,419767303	collocation	0	0
sanitär Anlage	2399	0,022105701	0,439235373	9,430783888	term	0	0
klärend Gespräch	1195	0,01445002	0,438758419	8,84126885	collocation	0	0
ergriffen Maßnahme	511	0,003392073	0,437480147	6,786679353	collocation	0	0
unbestimmt Zeit	4621	0,004780521	0,437418115	7,284824117	collocation	0	0
auswärtig Amt	13466	0,247125113	0,437124962	12,33741847	term	0	0
dreißig Jahr	8750	0,002150516	0,436963905	6,168025068	error	0	
aufgerissen Auge	1008	0,007967382	0,436476521	8,003448051	collocation	0	0
springend Punkt	1698	0,004032721	0,435819761	7,036715833	collocation	0	0
bildungsfern Schicht	641	0,011330041	0,435767267	8,499818413	term	0	1
Genauer Bild	427	0,001186975	0,435659064	5,281016036	error	0	
unsportlich Verhalten	699	0,007520061	0,435583903	7,921167737	collocation	0	0
nördlicher Richtung	4928	0,036860676	0,435561281	10,12237724	error	0	
schallend Gelächter	746	0,212288716	0,435479071	12,19126438	collocation	0	0
ruckartig Bewegung	405	0,003671577	0,435388627	6,899564778	collocation	0	0
redend Wappen	534	0,030001498	0,435119166	9,845162932	term	0	0
verletzungsbedingt Ausfall	773	0,063532572	0,434944302	10,82707122	term	0	1
globalisiert Welt	2395	0,008255298	0,434614033	8,055210008	term	0	0
durchgezogen Linie	417	0,002153773	0,434290915	6,135813855	term	0	0
bestplatziert Mannschaft	1268	0,00583555	0,433883606	7,561923121	term	0	1
rechtswissenschaftlich Fakultät	1167	0,028513329	0,433624849	9,776316724	term	0	0
vatikanisch Konzil	1975	0,275632248	0,433562807	12,43095199	term	0	0
oranienburger Straße	625	0,002880418	0,433521893	6,553042447	term	0	0
explosionsfähig Atmosphäre	429	0,006701814	0,433006927	7,757236729	term	0	1
zwanzig Jahr	19208	0,004718469	0,432199327	7,293966127	error	0	
viertel Stunde	1967	0,003855675	0,432191164	6,973336625	error	0	
Jüngst Tag	820	0,000760776	0,431841356	4,64752857	error	0	
gregorianisch Kalender	1436	0,105835353	0,431557776	11,4436167	term	0	0
erschwert Bedingung	1330	0,011267122	0,430100558	8,492133841	collocation	0	0
weströmisch Reich	609	0,004595377	0,429407876	7,220353413	term	0	0
römisch-deutsch König	1215	0,014023361	0,429345757	8,798479076	term	0	1
lizenzfrei Grafik	507	0,02054197	0,428085329	9,327351495	term	0	1
vergangen Jahr	126584	0,031079875	0,427952172	9,930340273	collocation	0	0
ansteckend Krankheit	1478	0,023750348	0,426855754	9,526615539	collocation	0	0
brandenburger Tor	5736	0,032848382	0,426842274	9,966822775	ne	0	0
erklärt Ziel	5163	0,027695532	0,426541724	9,73696705	collocation	0	0
runder Tisch	477	0,014892716	0,426492734	8,881559474	error	0	
drakonisch Strafe	577	0,028470156	0,426358612	9,772548809	collocation	0	0
dritthöchst Spielklasse	1743	0,045562524	0,425869732	10,39775951	collocation	1	1
vorislamisch Zeit	416	0,000430229	0,425710639	3,825429863	term	0	0
darstellerisch Leistung	776	0,003180637	0,425595777	6,695231185	term	0	0
innerörtlich Verbindungsstraße	966	0,423863401	0,424795368	12,76327763	term	1	0
evangelisch-lutherisch Kirche	7026	0,023215641	0,424742289	9,497594782	term	0	1
globalisierungskritisch Bewegung	584	0,005294136	0,423855513	7,421821203	term	0	1
elektroakustisch Musik	506	0,003822301	0,423819997	6,957042984	term	0	1
kristallklar Wasser	1274	0,01041998	0,423762896	8,381700944	collocation	0	1
rabenschwarz Tag	630	0,000584357	0,423662371	4,267804303	collocation	0	1
vorausfahrend Fahrzeug	448	0,004032351	0,422472763	7,033262821	collocation	1	0
berufsqualifizierend Abschluss	549	0,016947907	0,421819584	9,060758005	term	0	1
außeruniversitär Forschungseinrichtung	1021	0,167314979	0,421004833	11,93794461	term	1	0
schwindelerregend Höhe	615	0,008699305	0,420584826	8,12631082	collocation	0	1
leiblich Wohl	8286	0,67168812	0,419268749	13,04630927	collocation	0	0
niedergelassen Arzt	3888	0,056982835	0,419222961	10,6835555	term	0	0
nordfranzösisch Gemeinde	657	0,002391204	0,418671768	6,286559864	term	0	1
theosophisch Gesellschaft	647	0,003271315	0,418573959	6,734894044	term	0	0
haftend Gesellschafter	1161	0,095335396	0,418472624	11,31319789	term	0	0
trockenst Monat	607	0,001180955	0,418024405	5,275359729	collocation	0	0
Zwanziger Jahr	690	0,000169237	0,417718444	2,509777318	error	0	
abgeschwächt Form	917	0,002753133	0,416828532	6,489239067	collocation	0	0
seiden Faden	822	0,042635547	0,415266513	10,30741207	idiom	0	0
erbringend Leistung	523	0,002143493	0,41515307	6,129293456	collocation	0	0
wildfremd Mensch	769	0,001172954	0,413907192	5,267083886	collocation	0	1
siebzehnt Jahrhundert	493	0,000581797	0,413119871	4,25955384	error	1	